MMM	75.81	77.81	75.48	77.57	3534100.0	63.59	1.76	2.32%
ACE	36.93	37.47	36.31	37.1	2040000.0	31.44	0.17	0.46%
ABT	40.85	42.57	40.85	42.43	4857100.0	33.8	1.58	3.87%
ANF	37.2	38.73	37.2	38.59	1719000.0	34.43	1.39	3.74%
ACN	23.91	24.6	23.85	24.44	2916600.0	21.72	0.53	2.22%
ADBE	54.49	56.08	53.81	55.98	9092800.0	27.98	1.49	2.73%
AMD	15.67	16.29	15.65	16.23	8634900.0	16.23	0.56	3.57%
AES	11.3	11.65	11.27	11.38	3956200.0	11.38	0.08	0.71%
AET	89.3	92.7	88.4	91.75	9888800.0	22.24	2.45	2.74%
AFL	34.0	36.18	33.85	35.79	13169800.0	30.61	1.79	5.26%
A	24.23	25.11	24.14	24.98	2660800.0	23.42	0.75	3.10%
GAS	30.7	31.26	30.58	31.25	166700.0	22.42	0.55	1.79%
APD	53.81	54.01	52.75	53.8	1724000.0	44.84	-0.01	-0.02%
ARG	23.98	24.34	23.95	24.33	292400.0	22.11	0.35	1.46%
AKAM	15.11	16.5	15.06	16.42	4946400.0	16.42	1.31	8.67%
AA	32.9	33.48	32.75	33.37	4390600.0	28.66	0.47	1.43%
ALXN	17.38	18.19	17.37	18.16	763600.0	4.54	0.78	4.49%
ATI	17.6	17.75	17.16	17.55	737300.0	15.82	-0.05	-0.28%
AGN	69.72	72.26	69.64	72.1	1614000.0	35.11	2.38	3.41%
ALL	47.4	47.83	47.1	47.83	2575100.0	38.1	0.43	0.91%
ALTR	21.93	22.8	21.63	22.71	8659400.0	21.69	0.78	3.56%
MO	46.9	48.21	46.82	48.03	5977300.0	7.28	1.13	2.41%
AMZN	33.63	34.63	33.62	34.23	9060700.0	34.23	0.60	1.78%
AEE	48.24	48.47	47.77	47.78	842500.0	31.34	-0.46	-0.95%
AEP	32.9	33.29	32.9	33.28	1278400.0	23.62	0.38	1.16%
AXP	51.82	52.69	51.6	52.55	4131200.0	40.59	0.73	1.41%
AIG	60.4	60.71	59.65	60.02	666700.0	955.66	-0.38	-0.63%
AMT	16.35	16.77	16.24	16.7	1898600.0	16.59	0.35	2.14%
ABC	53.2	55.86	53.2	55.44	19425200.0	12.64	2.24	4.21%
AMGN	54.74	56.75	54.59	56.02	11864300.0	55.44	1.28	2.34%
APH	34.0	34.61	33.75	34.47	2583000.0	16.95	0.47	1.38%
APC	70.9	71.55	68.26	68.6	6711800.0	32.52	-2.30	-3.24%
ADI	38.75	40.32	38.65	40.23	3113500.0	33.36	1.48	3.82%
AON	21.25	21.64	20.83	21.61	2991900.0	19.06	0.36	1.69%
APA	54.05	54.35	51.5	51.77	4136100.0	49.19	-2.28	-4.22%
AIV	35.9	36.3	35.88	36.25	381500.0	18.11	0.35	0.97%
APOL	66.99	68.36	66.36	68.29	4232200.0	68.29	1.30	1.94%
AAPL	48.51	50.62	48.17	50.3	42624800.0	25.15	1.79	3.69%
AMAT	15.75	16.18	15.64	16.14	44277700.0	14.26	0.39	2.48%
ADM	17.07	17.35	17.01	17.3	2741800.0	15.16	0.23	1.35%
AIZ	26.3	26.43	26.09	26.2	274200.0	23.43	-0.10	-0.38%
T	24.7	25.18	24.55	24.96	8199500.0	16.57	0.26	1.05%
ADSK	50.32	51.74	50.15	51.5	2578000.0	25.73	1.18	2.34%
ADP	42.55	43.41	42.3	43.26	2212100.0	31.93	0.71	1.67%
AN	16.57	16.8	16.47	16.69	720000.0	16.69	0.12	0.72%
AZO	81.35	82.6	80.81	82.09	549200.0	82.09	0.74	0.91%
AVB	65.75	66.15	65.55	66.12	394600.0	48.37	0.37	0.56%
AVY	59.8	60.77	59.6	60.76	385000.0	47.62	0.96	1.61%
AVP	41.83	42.34	41.06	42.31	2296600.0	34.2	0.48	1.15%
BHI	44.05	44.74	42.52	43.0	3529900.0	39.72	-1.05	-2.38%
BLL	37.4	37.69	37.0	37.63	845800.0	17.62	0.23	0.61%
BAC	43.76	44.5	43.65	44.36	8503000.0	35.01	0.60	1.37%
BK	31.75	32.44	31.61	32.4	4016800.0	28.89	0.65	2.05%
BCR	56.02	57.25	55.99	56.99	838700.0	53.7	0.97	1.73%
BAX	29.89	30.79	29.8	30.57	2254500.0	26.16	0.68	2.28%
BBT	40.42	40.77	40.14	40.77	1033800.0	29.99	0.35	0.87%
BEAM	72.49	73.01	71.61	72.8	691000.0	58.69	0.31	0.43%
BDX	51.35	51.99	51.15	51.38	1178500.0	45.32	0.03	0.06%
BBBY	39.71	40.68	39.67	40.42	4063700.0	40.42	0.71	1.79%
BMS	25.28	25.84	25.24	25.77	397000.0	20.46	0.49	1.94%
BRK.B	2810.0	2822.0	2770.0	2799.0	9800.0	55.98	-11.00	-0.39%
BBY	57.96	59.65	57.85	59.22	5364400.0	35.37	1.26	2.17%
BIG	12.11	12.27	11.96	12.21	379800.0	12.21	0.10	0.83%
BIIB	55.92	58.65	55.87	58.52	4565100.0	58.52	2.60	4.65%
BLK	72.75	74.4	72.63	73.18	61400.0	62.7	0.43	0.59%
HRB	46.39	46.5	45.72	46.44	1938600.0	18.05	0.05	0.11%
BMC	18.23	18.65	18.2	18.65	1184000.0	18.65	0.42	2.30%
BA	51.0	51.25	49.8	50.1	5435700.0	42.2	-0.90	-1.76%
BXP	59.29	59.3	58.69	59.23	510200.0	41.8	-0.06	-0.10%
BSX	35.22	35.76	35.0	35.28	6401400.0	35.28	0.06	0.17%
BMY	23.3	24.01	23.25	23.96	6639100.0	16.59	0.66	2.83%
BRCM	25.88	26.96	25.82	26.78	24526800.0	17.4	0.90	3.48%
CHRW	54.05	54.25	52.45	53.84	1894000.0	23.74	-0.21	-0.39%
CA	27.3	27.73	27.16	27.56	3573300.0	25.69	0.26	0.95%
CVC	20.09	20.7	19.9	20.21	1507000.0	8.25	0.12	0.60%
COG	43.37	44.25	42.2	43.03	2629200.0	7.0	-0.34	-0.78%
CAM	52.2	52.83	49.65	50.03	9785600.0	12.51	-2.17	-4.16%
CPB	26.34	26.87	26.24	26.81	1146300.0	21.69	0.47	1.78%
COF	72.75	73.89	72.1	73.72	1723500.0	68.01	0.97	1.33%
CAH	44.5	48.55	44.5	47.35	16428100.0	26.16	2.85	6.40%
KMX	26.1	26.6	25.94	26.14	2979800.0	13.07	0.04	0.15%
CCL	50.47	50.65	49.98	50.56	2799400.0	43.23	0.09	0.18%
CAT	79.16	81.08	78.99	80.8	6047400.0	33.73	1.64	2.07%
CBG	25.4	26.21	25.4	26.15	408900.0	8.72	0.75	2.95%
CELG	29.82	30.27	28.93	30.1	3298600.0	15.05	0.28	0.94%
CNP	10.47	10.54	10.4	10.45	1094100.0	7.4	-0.02	-0.19%
CTL	33.75	33.94	33.35	33.86	961400.0	23.89	0.11	0.33%
CERN	44.66	45.44	44.64	45.44	1812400.0	11.36	0.78	1.75%
SCHW	8.8	9.17	8.75	9.17	12175800.0	7.97	0.37	4.20%
CHK	16.52	16.87	16.0	16.12	3295900.0	14.84	-0.40	-2.42%
CVX	53.95	54.14	52.65	52.97	5952700.0	41.23	-0.98	-1.82%
CB	69.8	70.45	68.73	70.42	3134400.0	29.17	0.62	0.89%
CI	63.1	64.43	62.36	64.16	3625200.0	21.18	1.06	1.68%
CINF	41.38	41.7	40.89	41.58	291700.0	28.09	0.20	0.48%
CTAS	42.25	43.57	42.25	43.28	920500.0	38.57	1.03	2.44%
CSCO	18.08	18.65	17.9	18.55	62748800.0	18.13	0.47	2.60%
C	43.35	44.0	43.08	43.95	1761900.0	363.39	0.60	1.38%
CTXS	23.15	24.0	23.09	23.84	3655700.0	23.84	0.69	2.98%
CLF	75.1	75.97	72.19	74.1	3561600.0	8.58	-1.00	-1.33%
CLX	55.18	55.25	54.41	54.87	1387000.0	44.15	-0.31	-0.56%
CME	165.05	171.37	164.21	170.27	3499500.0	30.32	5.22	3.16%
CMS	9.45	9.5	9.26	9.34	1471500.0	7.78	-0.11	-1.16%
COH	44.3	45.98	44.2	45.8	4997800.0	21.98	1.50	3.39%
KO	39.13	40.43	38.93	40.43	8971200.0	32.38	1.30	3.32%
CCE	18.62	18.99	18.46	18.89	1853200.0	11.54	0.27	1.45%
CTSH	31.54	32.97	31.0	32.85	4327600.0	16.42	1.31	4.15%
CL	45.38	45.51	44.8	45.42	2884600.0	37.88	0.04	0.09%
CMCSA	29.2	29.6	28.58	29.47	27920600.0	18.08	0.27	0.92%
CMA	60.3	61.64	60.3	61.53	951400.0	48.08	1.23	2.04%
CSC	48.11	49.76	47.91	49.75	1341200.0	47.37	1.64	3.41%
CAG	25.99	26.4	25.89	26.4	1333100.0	19.6	0.41	1.58%
COP	86.15	86.77	84.21	84.92	9196400.0	25.39	-1.23	-1.43%
CNX	37.1	37.23	36.06	36.25	1850600.0	16.84	-0.85	-2.29%
ED	43.8	43.95	43.57	43.67	727300.0	29.47	-0.13	-0.30%
STZ	38.87	39.12	38.56	38.8	719400.0	19.4	-0.07	-0.18%
CBE	61.45	62.61	61.4	62.6	779600.0	26.15	1.15	1.87%
GLW	11.0	11.49	11.0	11.38	15395200.0	10.64	0.38	3.45%
COST	46.85	48.32	46.53	48.1	4616600.0	44.12	1.25	2.67%
CVH	39.86	41.39	39.0	41.0	3433000.0	27.13	1.14	2.86%
CCI	15.2	15.6	14.6	15.52	3197800.0	15.52	0.32	2.11%
CSX	35.6	36.38	35.45	35.91	8200800.0	5.27	0.31	0.87%
CMI	69.0	70.18	67.9	69.8	4402800.0	15.66	0.80	1.16%
CVS	43.23	44.42	42.95	44.28	3929600.0	20.64	1.05	2.43%
DHI	30.03	30.4	29.32	30.16	2942100.0	19.73	0.13	0.43%
DHR	54.0	55.0	53.59	54.99	2215800.0	27.15	0.99	1.83%
DRI	23.8	24.1	23.73	23.74	757100.0	19.94	-0.06	-0.25%
DVA	29.1	30.3	28.86	30.2	1427400.0	30.2	1.10	3.78%
DF	29.05	29.33	29.0	29.29	1000500.0	16.83	0.24	0.83%
DE	58.65	60.55	58.2	60.42	5893800.0	25.96	1.77	3.02%
DELL	34.14	34.85	34.07	34.59	19026700.0	34.59	0.45	1.32%
DNR	27.0	27.0	26.07	26.09	1310400.0	6.52	-0.91	-3.37%
XRAY	50.76	52.75	50.02	52.68	4074200.0	25.3	1.92	3.78%
DVN	77.52	78.2	75.06	75.52	4614800.0	35.39	-2.00	-2.58%
DV	14.44	14.8	14.33	14.68	1408600.0	14.29	0.24	1.66%
DO	35.94	36.28	34.26	34.7	2199600.0	23.35	-1.24	-3.45%
DTV	16.7	16.81	16.52	16.72	1218600.0	16.72	0.02	0.12%
DLTR	26.96	28.02	26.63	27.75	5020000.0	9.25	0.79	2.93%
D	64.8	64.89	63.95	64.05	2839400.0	23.81	-0.75	-1.16%
RRD	31.23	31.49	31.16	31.45	897200.0	21.57	0.22	0.70%
DOV	37.31	38.09	37.0	38.01	1517400.0	32.41	0.70	1.88%
DOW	44.3	45.24	43.9	45.01	4144100.0	34.25	0.71	1.60%
DTE	42.55	42.55	42.04	42.09	631700.0	29.08	-0.46	-1.08%
DD	41.76	43.0	41.58	42.92	5035800.0	32.0	1.16	2.78%
DUK	24.6	24.76	24.15	24.39	1959000.0	29.3	-0.21	-0.85%
DNB	56.43	56.76	56.0	56.37	550900.0	51.4	-0.06	-0.11%
ETFC	12.03	13.04	11.94	13.0	599500.0	130.0	0.97	8.06%
EMN	45.4	45.72	44.86	45.45	1138200.0	17.77	0.05	0.11%
ETN	62.85	64.45	62.6	64.29	1839400.0	26.14	1.44	2.29%
EBAY	95.3	99.3	95.29	98.67	24663600.0	49.33	3.37	3.54%
ECL	33.0	33.79	32.75	33.7	978700.0	30.64	0.70	2.12%
EIX	30.02	30.08	29.63	29.7	1077300.0	23.68	-0.32	-1.07%
EW	33.7	34.51	33.7	34.5	591600.0	17.25	0.80	2.37%
EA	45.0	46.53	44.73	46.08	4514900.0	46.08	1.08	2.40%
EMC	12.3	12.69	12.3	12.58	10897700.0	12.58	0.28	2.28%
EMR	63.38	65.1	63.38	64.7	4380800.0	26.22	1.32	2.08%
ETR	65.17	66.04	64.84	64.94	1534600.0	49.21	-0.23	-0.35%
EOG	70.05	71.25	66.5	67.87	3730000.0	32.56	-2.18	-3.11%
EQT	54.85	55.53	54.8	55.19	848000.0	23.49	0.34	0.62%
EFX	25.85	26.6	25.68	26.57	359800.0	25.0	0.72	2.79%
EQR	33.41	33.79	33.36	33.79	710700.0	24.31	0.38	1.14%
EL	43.15	43.56	42.49	43.55	1575200.0	19.76	0.40	0.93%
EXC	39.75	39.85	39.1	39.3	2172600.0	29.49	-0.45	-1.13%
EXPD	57.65	57.95	56.24	57.52	2109000.0	26.94	-0.13	-0.23%
ESRX	62.1	63.76	62.02	63.51	6840800.0	7.94	1.41	2.27%
XOM	49.35	49.38	48.5	48.95	13578400.0	41.47	-0.40	-0.81%
FFIV	36.8	41.2	36.48	40.05	17215800.0	20.02	3.25	8.83%
FDO	27.48	28.33	27.34	28.33	1223200.0	24.92	0.85	3.09%
FAST	55.12	55.6	53.5	54.44	4576000.0	12.18	-0.68	-1.23%
FII	27.48	28.12	27.07	28.02	514100.0	20.98	0.54	1.97%
FDX	88.61	90.06	88.12	89.79	1635500.0	86.34	1.18	1.33%
FIS	34.82	35.27	34.5	35.25	164700.0	16.88	0.43	1.23%
FITB	48.42	49.46	48.0	49.36	1413400.0	39.4	0.94	1.94%
FHN	42.15	42.93	42.1	42.88	658000.0	34.35	0.73	1.73%
FE	41.8	41.91	41.5	41.5	1257100.0	29.96	-0.30	-0.72%
FISV	34.64	35.72	34.41	35.53	1350800.0	35.53	0.89	2.57%
FLIR	54.09	54.44	53.0	53.95	2437200.0	13.29	-0.14	-0.26%
FLS	21.95	21.95	20.4	21.05	1577900.0	19.74	-0.90	-4.10%
FLR	45.24	46.44	44.62	46.14	1167600.0	21.43	0.90	1.99%
FMC	48.35	48.36	43.37	44.2	4434400.0	10.44	-4.15	-8.58%
FTI	33.41	33.85	31.29	31.6	4161600.0	7.5	-1.81	-5.42%
F	12.88	13.32	12.85	13.14	10527100.0	12.03	0.26	2.02%
FRX	44.26	45.99	44.26	45.8	2661400.0	45.8	1.54	3.48%
FOSL	29.42	29.88	28.81	29.79	238000.0	29.79	0.37	1.26%
BEN	57.6	59.49	57.21	59.25	1232300.0	53.01	1.65	2.86%
FCX	37.05	37.22	36.38	37.1	4077400.0	14.81	0.05	0.13%
FTR	13.34	13.34	13.15	13.2	2219400.0	6.32	-0.14	-1.05%
GME	19.5	20.2	19.4	20.01	729000.0	9.86	0.51	2.62%
GCI	82.05	83.3	81.56	83.27	894400.0	63.99	1.22	1.49%
GPS	19.75	20.11	19.71	20.05	7430100.0	17.46	0.30	1.52%
GD	101.51	103.52	100.68	103.32	1528200.0	44.06	1.81	1.78%
GE	33.57	33.95	33.35	33.95	16688900.0	25.83	0.38	1.13%
GIS	43.79	43.86	43.59	43.82	2828800.0	17.79	0.03	0.07%
GPC	38.6	39.49	38.51	39.46	322300.0	30.11	0.86	2.23%
GNW	24.06	24.12	23.7	23.97	587100.0	22.49	-0.09	-0.37%
GILD	33.98	35.32	33.85	34.94	9907600.0	17.47	0.96	2.83%
GS	93.28	96.3	93.0	96.1	4620900.0	89.26	2.82	3.02%
GR	30.57	31.35	30.35	30.77	967700.0	27.03	0.20	0.65%
GT	9.66	9.95	9.56	9.89	2255500.0	9.89	0.23	2.38%
GOOG	182.72	189.52	181.77	185.97	13356500.0	185.97	3.25	1.78%
GWW	56.89	57.29	56.26	56.93	750600.0	49.86	0.04	0.07%
HAL	35.85	37.97	35.85	36.72	31657800.0	16.86	0.87	2.43%
HOG	57.15	58.67	56.75	58.59	1665500.0	50.46	1.44	2.52%
HAR	104.55	114.0	103.69	112.55	1428800.0	111.15	8.00	7.65%
HRS	58.05	60.75	58.05	60.6	1193400.0	26.65	2.55	4.39%
HIG	58.7	59.35	57.51	59.06	2260400.0	49.16	0.36	0.61%
HAS	17.24	17.49	17.14	17.47	1424600.0	14.44	0.23	1.33%
HCP	28.85	28.85	28.2	28.64	551300.0	18.09	-0.21	-0.73%
HCN	36.4	36.78	36.21	36.78	227600.0	22.73	0.38	1.04%
HNZ	35.18	35.46	34.98	35.46	872300.0	27.06	0.28	0.80%
HP	29.51	29.64	28.35	28.69	878000.0	13.7	-0.82	-2.78%
HES	86.9	88.6	83.41	83.85	10809300.0	26.37	-3.05	-3.51%
HPQ	17.9	18.56	17.87	18.45	11682100.0	17.0	0.55	3.07%
HD	39.51	40.85	39.5	40.79	8385400.0	33.31	1.28	3.24%
HON	33.13	33.72	32.96	33.34	5332500.0	27.44	0.21	0.63%
HRL	27.2	27.77	27.14	27.75	380000.0	11.99	0.55	2.02%
HSP	31.75	32.09	31.53	31.82	1000500.0	31.82	0.07	0.22%
HST	14.57	14.62	14.44	14.6	1299300.0	12.21	0.03	0.21%
HCBK	35.29	35.83	35.08	35.66	631200.0	8.56	0.37	1.05%
HUM	18.64	19.25	18.56	19.21	876700.0	18.92	0.57	3.06%
HBAN	23.74	24.0	23.49	23.92	661200.0	18.29	0.18	0.76%
ITW	90.05	91.19	89.4	90.89	1720000.0	37.85	0.84	0.93%
IR	67.9	68.83	67.45	68.6	1738200.0	30.22	0.70	1.03%
TEG	47.41	47.79	47.3	47.35	103900.0	31.52	-0.06	-0.13%
INTC	21.36	22.22	21.31	22.0	63922000.0	18.09	0.64	3.00%
IBM	88.58	90.27	88.5	90.0	6035100.0	79.86	1.42	1.60%
IFF	38.95	39.34	38.65	39.26	371800.0	33.16	0.31	0.80%
IGT	33.0	33.04	32.39	32.95	2215200.0	29.01	-0.05	-0.15%
IP	38.9	39.19	38.22	38.22	6127700.0	29.87	-0.68	-1.75%
IPG	11.93	12.23	11.87	12.21	2457800.0	11.78	0.28	2.35%
INTU	43.88	45.49	43.6	45.25	3626400.0	22.38	1.37	3.12%
ISRG	26.73	29.64	26.35	29.26	2835700.0	29.26	2.53	9.47%
IVZ	10.18	10.52	10.09	10.39	101600.0	8.78	0.21	2.06%
IRM	34.5	35.09	34.44	35.05	937000.0	21.97	0.55	1.59%
JBL	23.5	24.81	23.43	24.64	1640600.0	21.84	1.14	4.85%
JEC	39.88	40.69	39.55	40.63	551000.0	20.32	0.75	1.88%
JDSU	3.34	3.54	3.28	3.51	3783600.0	28.08	0.17	5.09%
JNJ	56.99	57.8	56.9	57.77	5945100.0	46.22	0.78	1.37%
JCI	56.2	57.91	55.69	57.83	2668500.0	16.63	1.63	2.90%
JOY	35.66	35.8	35.38	35.73	1254300.0	14.37	0.07	0.20%
JPM	37.35	38.18	37.03	38.02	11518800.0	31.1	0.67	1.79%
JNPR	24.1	25.88	24.1	25.82	17280700.0	25.82	1.72	7.14%
K	42.55	43.11	42.49	42.94	1051800.0	34.71	0.39	0.92%
KEY	33.02	33.45	32.85	33.41	1071100.0	26.54	0.39	1.18%
KMB	60.1	60.32	58.99	59.32	2879100.0	43.99	-0.78	-1.30%
KIM	53.37	54.04	53.37	54.04	260800.0	18.64	0.67	1.26%
KLAC	44.09	45.48	43.92	45.45	7549500.0	39.87	1.36	3.08%
KSS	51.02	51.74	50.6	51.74	2922000.0	50.02	0.72	1.41%
KFT	32.72	33.27	32.7	33.25	1291400.0	25.51	0.53	1.62%
KR	14.7	15.14	14.68	15.02	2466000.0	13.65	0.32	2.18%
LLL	64.9	66.1	64.36	66.07	726200.0	58.98	1.17	1.80%
LH	44.59	44.95	44.27	44.8	1082200.0	44.8	0.21	0.47%
LRCX	24.84	25.78	24.55	25.69	2454000.0	25.69	0.85	3.42%
LM	60.78	63.31	60.4	62.7	884500.0	56.5	1.92	3.16%
LEG	27.64	28.0	27.35	27.99	554000.0	19.91	0.35	1.27%
LEN	45.05	45.25	44.22	45.07	2051900.0	40.04	0.02	0.04%
LUK	57.5	58.54	57.5	58.1	544200.0	18.51	0.60	1.04%
LXK	80.3	81.2	79.6	80.82	1059800.0	78.75	0.52	0.65%
LIFE	55.01	56.48	54.79	56.22	2084600.0	28.11	1.21	2.20%
LLY	53.75	56.58	53.41	56.2	9657400.0	40.58	2.45	4.56%
LTD	23.82	24.09	23.75	23.96	2948100.0	18.08	0.14	0.59%
LNC	43.31	43.9	42.72	43.55	1460100.0	37.78	0.24	0.55%
LLTC	36.13	37.45	36.13	37.33	5190800.0	30.8	1.20	3.32%
LMT	54.2	54.91	54.11	54.91	1479400.0	44.84	0.71	1.31%
L	59.0	59.66	58.15	59.48	1267200.0	18.78	0.48	0.81%
LOW	54.55	56.52	54.37	56.17	8461600.0	25.26	1.62	2.97%
LSI	4.57	4.81	4.57	4.76	3419200.0	4.76	0.19	4.16%
MTB	99.25	101.3	99.15	101.07	262100.0	79.17	1.82	1.83%
M	47.35	49.65	47.15	49.55	4980800.0	21.95	2.20	4.65%
MRO	39.12	39.13	37.26	38.06	10160400.0	9.58	-1.06	-2.71%
MAR	53.76	54.24	53.45	54.18	2433200.0	25.4	0.42	0.78%
MMC	28.97	29.1	28.3	28.69	12251200.0	22.86	-0.28	-0.97%
MAS	34.26	34.75	33.93	34.52	1752200.0	26.99	0.26	0.76%
MAT	17.0	17.2	16.75	17.19	1437700.0	12.71	0.19	1.12%
MKC	34.45	34.55	34.11	34.45	407000.0	28.71	0.00	0.00%
MCD	28.67	29.2	28.61	29.19	3697500.0	23.23	0.52	1.81%
MHP	85.35	86.73	85.25	86.73	2111400.0	36.6	1.38	1.62%
MCK	25.75	27.52	25.75	26.94	5646500.0	25.38	1.19	4.62%
MWV	30.3	30.99	30.1	30.75	1434100.0	22.81	0.45	1.49%
MDT	50.5	52.36	50.46	52.15	5745000.0	45.89	1.65	3.27%
MRK	30.55	31.24	30.51	31.22	11927400.0	22.19	0.67	2.19%
MET	36.74	37.51	36.17	37.46	3133300.0	33.02	0.72	1.96%
MCHP	28.9	30.49	28.87	30.45	3413500.0	22.86	1.55	5.36%
MU	11.55	12.18	11.55	12.14	6967900.0	12.14	0.59	5.11%
MSFT	27.86	28.35	27.58	28.15	72392600.0	21.93	0.29	1.04%
MOLX	28.73	29.7	28.66	29.67	903500.0	25.01	0.94	3.27%
TAP	67.7	67.7	65.75	65.96	730800.0	28.04	-1.74	-2.57%
MON	40.55	42.5	40.25	41.79	5923600.0	18.97	1.24	3.06%
MNST	25.8	26.91	25.3	26.0	2075200.0	1.62	0.20	0.78%
MCO	75.6	76.93	75.6	76.78	1586800.0	35.26	1.18	1.56%
MS	49.25	51.49	49.0	51.22	5910100.0	37.4	1.97	4.00%
MOS	15.14	15.16	14.9	15.0	845500.0	14.76	-0.14	-0.92%
MSI	9.98	10.36	9.96	10.32	1832200.0	52.55	0.34	3.41%
MUR	82.57	82.78	80.39	81.5	2493000.0	36.39	-1.07	-1.30%
MYL	16.84	17.32	16.8	17.18	2817700.0	16.67	0.34	2.02%
NBR	51.75	52.04	49.33	49.75	6122400.0	24.88	-2.00	-3.86%
NDAQ	6.4	6.6	6.4	6.55	9000.0	6.55	0.15	2.34%
NOV	34.21	34.54	32.99	33.18	3696200.0	15.86	-1.03	-3.01%
NTAP	22.84	24.0	22.75	23.86	2911800.0	23.86	1.02	4.47%
NFLX	9.39	9.84	9.25	9.68	3645300.0	9.68	0.29	3.09%
NWL	19.18	19.32	19.06	19.28	2004700.0	15.35	0.10	0.52%
NFX	62.74	63.78	59.69	60.47	1545400.0	30.24	-2.27	-3.62%
NEM	47.9	48.08	46.51	46.8	6008000.0	42.97	-1.10	-2.30%
NWSA	31.98	32.5	31.81	32.37	7463800.0	15.09	0.39	1.22%
NEE	69.7	69.74	69.15	69.46	1321800.0	26.54	-0.24	-0.34%
NKE	80.53	81.8	80.4	81.5	3015800.0	36.31	0.97	1.20%
NI	21.3	21.42	21.1	21.31	957500.0	14.46	0.01	0.05%
NE	47.1	47.61	45.05	45.46	5324600.0	21.42	-1.64	-3.48%
NBL	60.6	61.1	57.85	58.73	1604000.0	27.59	-1.87	-3.09%
JWN	41.71	42.8	41.49	42.58	2319000.0	18.36	0.87	2.09%
NSC	32.9	33.46	32.88	33.44	2142300.0	28.39	0.54	1.64%
NTRS	40.46	41.76	40.35	41.7	1479800.0	35.7	1.24	3.06%
NOC	50.51	52.0	50.51	51.75	2071200.0	38.31	1.24	2.45%
NU	19.37	19.49	19.12	19.35	480500.0	14.99	-0.02	-0.10%
NRG	27.8	27.8	27.42	27.58	436200.0	13.73	-0.22	-0.79%
NUE	42.89	43.38	42.32	42.64	4660400.0	16.69	-0.25	-0.58%
NVDA	14.23	15.16	14.23	14.89	26850900.0	4.96	0.66	4.64%
NYX	14.95	16.74	14.95	16.5	49900.0	13.61	1.55	10.37%
ORLY	41.83	43.1	41.73	42.8	1829000.0	21.4	0.97	2.32%
OXY	57.95	57.95	55.67	56.5	7335600.0	24.52	-1.45	-2.50%
OMC	79.44	80.91	79.08	79.9	4345800.0	35.27	0.46	0.58%
OKE	26.62	26.9	26.6	26.83	1015000.0	10.18	0.21	0.79%
ORCL	12.16	12.72	12.15	12.59	43203400.0	12.23	0.43	3.54%
OI	18.1	18.55	18.1	18.41	1500200.0	18.41	0.31	1.71%
PCAR	66.65	69.12	66.39	68.59	2958900.0	24.5	1.94	2.91%
PLL	24.92	25.49	24.92	25.41	296200.0	22.63	0.49	1.97%
PH	68.85	69.84	68.33	69.76	1819600.0	41.21	0.91	1.32%
PDCO	36.82	37.96	36.58	37.89	722900.0	36.51	1.07	2.91%
PAYX	32.1	32.76	31.85	32.66	2352300.0	25.11	0.56	1.74%
BTU	66.75	67.02	64.17	65.13	4775200.0	14.46	-1.62	-2.43%
JCP	37.6	37.6	37.11	37.36	4669900.0	32.18	-0.24	-0.64%
PBCT	38.1	38.1	37.31	37.53	549800.0	8.87	-0.57	-1.50%
POM	20.7	20.75	20.48	20.67	479500.0	13.7	-0.03	-0.14%
PEP	48.4	49.71	48.15	49.65	4672500.0	40.8	1.25	2.58%
PKI	17.8	19.37	17.79	18.96	1234400.0	17.16	1.16	6.52%
PRGO	18.79	19.18	18.05	18.52	866800.0	17.51	-0.27	-1.44%
PFE	28.27	29.04	28.24	29.04	23000100.0	20.73	0.77	2.72%
PCG	32.05	32.13	31.9	32.07	1590900.0	24.19	0.02	0.06%
PNW	42.56	43.06	42.55	43.04	390400.0	28.45	0.48	1.13%
PXD	34.0	34.2	32.13	32.55	2903000.0	31.62	-1.45	-4.26%
PBI	42.05	43.67	41.95	43.67	628800.0	30.07	1.62	3.85%
PCL	36.0	36.66	35.9	36.46	1057500.0	25.94	0.46	1.28%
PNC	51.97	52.59	51.62	52.59	999400.0	42.56	0.62	1.19%
RL	36.81	37.17	36.32	37.1	513800.0	35.89	0.29	0.79%
PPG	61.98	62.88	61.45	62.88	961800.0	49.28	0.90	1.45%
PPL	51.95	51.99	51.44	51.75	1765400.0	18.84	-0.20	-0.38%
PX	42.3	42.3	41.39	42.05	1626300.0	36.31	-0.25	-0.59%
PCP	60.03	60.46	59.52	60.1	932200.0	29.74	0.07	0.12%
PCLN	19.8	20.67	19.8	20.26	561700.0	20.26	0.46	2.32%
PFG	36.45	36.73	36.07	36.73	843900.0	31.39	0.28	0.77%
PG	52.25	52.75	50.81	51.78	15659900.0	42.26	-0.47	-0.90%
PGR	92.56	92.94	91.97	92.94	6947200.0	19.92	0.38	0.41%
PLD	37.33	37.71	37.26	37.71	185700.0	27.81	0.38	1.02%
PRU	45.39	45.96	44.81	45.95	2850100.0	39.67	0.56	1.23%
PSA	51.5	52.19	51.5	51.7	217600.0	40.96	0.20	0.39%
PHM	54.52	55.37	53.51	55.1	4836800.0	26.71	0.58	1.06%
PWR	6.51	6.6	6.5	6.6	575100.0	6.6	0.09	1.38%
QCOM	40.03	41.54	38.74	41.02	17911600.0	36.86	0.99	2.47%
DGX	86.05	87.77	86.05	87.6	1765200.0	41.22	1.55	1.80%
RRC	16.23	16.53	15.71	16.11	522200.0	10.47	-0.12	-0.74%
RTN	36.07	36.83	35.92	36.66	1855700.0	30.05	0.59	1.64%
RHT	13.8	13.94	13.38	13.42	5291900.0	13.42	-0.38	-2.75%
RF	34.2	34.83	34.07	34.81	683600.0	26.74	0.61	1.78%
RSG	29.93	30.23	29.55	30.1	356200.0	16.78	0.17	0.57%
RAI	68.15	69.0	67.28	68.69	3069600.0	10.89	0.54	0.79%
RHI	26.08	26.99	26.03	26.9	704300.0	23.71	0.82	3.14%
ROK	40.9	41.87	40.69	41.76	970500.0	35.27	0.86	2.10%
COL	35.9	36.05	35.43	35.97	272000.0	31.96	0.07	0.19%
ROP	60.6	61.77	60.6	61.77	552400.0	29.51	1.17	1.93%
ROST	23.85	25.01	23.49	24.83	4907200.0	11.47	0.98	4.11%
RDC	26.7	26.99	25.61	26.09	2414100.0	25.09	-0.61	-2.28%
R	48.26	48.86	48.24	48.83	581300.0	41.8	0.57	1.18%
SWY	17.47	18.11	17.47	18.0	2774700.0	15.99	0.53	3.03%
CRM	18.5	19.59	18.15	19.27	480700.0	19.27	0.77	4.16%
SNDK	20.09	20.54	19.72	20.46	6036600.0	20.46	0.37	1.84%
SCG	37.8	38.08	37.29	37.43	336200.0	26.11	-0.37	-0.98%
SLB	65.29	65.5	62.5	63.04	16117600.0	28.81	-2.25	-3.45%
STX	12.57	12.9	12.53	12.9	2524500.0	11.11	0.33	2.63%
SEE	46.12	48.68	46.12	48.29	1706400.0	20.97	2.17	4.71%
SHLD	91.32	93.18	89.81	92.14	1543400.0	92.14	0.82	0.90%
SRE	33.52	33.98	33.47	33.68	1205800.0	25.51	0.16	0.48%
SHW	42.25	42.27	41.77	42.26	879200.0	36.1	0.01	0.02%
SIAL	53.83	54.95	53.44	54.65	840600.0	25.01	0.82	1.52%
SPG	58.1	58.55	57.83	58.16	991000.0	44.71	0.06	0.10%
SLM	42.82	45.75	42.8	44.97	3340600.0	41.32	2.15	5.02%
SJM	43.35	44.6	43.31	44.46	263100.0	36.57	1.11	2.56%
SNA	29.25	29.74	29.1	29.26	419400.0	23.75	0.01	0.03%
SO	31.82	32.13	31.79	31.94	2562900.0	22.2	0.12	0.38%
LUV	14.77	15.3	14.66	15.24	5754900.0	15.03	0.47	3.18%
SWN	47.0	47.25	45.85	46.79	5249600.0	5.85	-0.21	-0.45%
S	20.5	20.97	20.49	20.97	6626800.0	18.5	0.47	2.29%
STJ	74.42	76.35	74.42	76.13	2240200.0	36.89	1.71	2.30%
SWK	44.27	44.74	43.81	44.36	547300.0	36.25	0.09	0.20%
SPLS	28.52	29.5	28.09	29.25	4959000.0	17.37	0.73	2.56%
SBUX	50.31	51.85	50.21	51.79	6435600.0	25.0	1.48	2.94%
HOT	47.6	48.13	47.32	47.92	1418000.0	33.92	0.32	0.67%
STT	43.45	45.0	43.02	44.81	2274500.0	40.87	1.36	3.13%
SRCL	44.24	44.48	41.71	41.8	1803000.0	20.9	-2.44	-5.52%
SYK	42.58	43.85	42.31	43.4	1997200.0	40.81	0.82	1.93%
SUN	76.44	77.5	74.24	75.02	3008400.0	32.18	-1.42	-1.86%
STI	68.88	69.86	68.51	69.48	981200.0	56.82	0.60	0.87%
SYMC	58.93	62.22	58.88	62.2	13066400.0	31.1	3.27	5.55%
SYY	30.85	31.99	30.85	31.97	3212500.0	25.39	1.12	3.63%
TROW	52.13	54.97	51.95	54.8	2190200.0	23.68	2.67	5.12%
TGT	48.45	49.45	48.01	49.45	4118300.0	44.54	1.00	2.06%
TE	14.39	14.4	14.17	14.36	1380500.0	9.76	-0.03	-0.21%
THC	10.54	10.75	10.51	10.7	1465400.0	10.7	0.16	1.52%
TER	15.88	16.7	15.8	16.65	3111200.0	16.65	0.77	4.85%
TSO	31.61	31.99	30.5	30.88	2221600.0	14.48	-0.73	-2.31%
TXN	22.89	23.94	22.79	23.77	14491800.0	21.3	0.88	3.84%
TXT	67.7	68.94	67.52	68.81	1181200.0	31.02	1.11	1.64%
HSY	49.2	49.7	48.76	49.62	466700.0	40.84	0.42	0.85%
TRV	33.14	33.7	32.68	33.49	2574400.0	27.65	0.35	1.06%
TMO	26.85	29.26	26.66	29.0	1898500.0	28.86	2.15	8.01%
TIF	28.31	29.09	28.03	28.73	2626100.0	25.46	0.42	1.48%
TWX	16.17	16.41	16.06	16.39	5311700.0	31.28	0.22	1.36%
TIE	21.55	21.64	20.81	21.16	280800.0	2.51	-0.39	-1.81%
TJX	23.4	23.78	23.22	23.72	4711400.0	10.78	0.32	1.37%
TMK	53.2	54.61	52.94	53.9	1866200.0	33.14	0.70	1.32%
TSS	23.3	23.79	23.27	23.76	79800.0	19.09	0.46	1.97%
TSN	14.4	14.78	14.34	14.64	1166800.0	13.59	0.24	1.67%
TYC	30.44	31.49	30.43	31.26	2276400.0	91.79	0.82	2.69%
USB	28.16	28.31	28.06	28.11	5595500.0	21.89	-0.05	-0.18%
UNP	62.0	63.67	61.87	63.25	2887200.0	27.65	1.25	2.02%
UNH	71.48	73.22	71.0	72.8	7764400.0	35.13	1.32	1.85%
UPS	78.08	79.07	77.71	78.95	2741900.0	64.59	0.87	1.11%
X	37.32	37.39	36.51	37.18	5853100.0	34.69	-0.14	-0.38%
UTX	92.4	93.4	91.95	92.9	4439200.0	39.52	0.50	0.54%
UNM	13.57	13.85	13.37	13.58	2199300.0	12.02	0.01	0.07%
URBN	39.26	40.22	38.77	40.01	1642800.0	20.0	0.75	1.91%
VFC	52.87	53.63	52.62	53.6	820300.0	43.11	0.73	1.38%
VLO	43.75	44.48	42.42	42.97	11803600.0	19.37	-0.78	-1.78%
VAR	36.5	39.16	36.5	38.96	2625800.0	38.96	2.46	6.74%
VTR	27.05	27.06	26.68	27.06	296800.0	18.64	0.01	0.04%
VRSN	25.05	27.27	25.05	26.85	6095700.0	24.81	1.80	7.19%
VZ	38.76	39.48	38.6	39.4	8778200.0	25.43	0.64	1.65%
VNO	66.75	67.12	66.53	67.0	204400.0	49.6	0.25	0.37%
VMC	48.49	49.2	48.3	49.15	364800.0	41.4	0.66	1.36%
WMT	52.51	53.79	52.5	53.72	11725900.0	46.22	1.21	2.30%
WAG	35.55	36.17	35.39	36.17	3353400.0	32.61	0.62	1.74%
DIS	24.76	24.98	24.5	24.97	5200500.0	22.75	0.21	0.85%
WPO	865.1	890.38	865.1	885.0	13900.0	777.28	19.90	2.30%
WM	27.15	27.57	26.81	27.34	2275300.0	21.14	0.19	0.70%
WAT	39.5	40.38	38.66	40.32	1997300.0	40.32	0.82	2.08%
WPI	25.68	26.7	25.61	26.6	1057900.0	26.6	0.92	3.58%
WLP	78.85	81.6	77.55	81.12	9264200.0	39.62	2.27	2.88%
WFC	58.5	59.35	58.21	59.15	7275200.0	24.11	0.65	1.11%
WDC	8.5	8.5	7.95	8.22	4036700.0	8.22	-0.28	-3.29%
WY	61.7	62.64	60.93	61.97	1138900.0	18.5	0.27	0.44%
WHR	56.71	59.27	56.7	59.03	1632200.0	48.26	2.32	4.09%
WFM	80.33	81.09	79.64	80.36	2640200.0	36.67	0.03	0.04%
WMB	12.83	12.93	12.55	12.6	4094000.0	8.76	-0.23	-1.79%
WEC	32.07	32.46	32.07	32.45	800600.0	13.15	0.38	1.18%
WYNN	55.53	58.59	55.01	57.59	1429800.0	46.97	2.06	3.71%
XEL	17.26	17.42	17.18	17.2	1475400.0	12.18	-0.06	-0.35%
XRX	14.49	14.81	14.34	14.79	3180200.0	13.52	0.30	2.07%
XLNX	29.48	30.6	29.4	30.51	6948800.0	26.13	1.03	3.49%
XL	70.5	71.92	70.35	71.65	900300.0	55.98	1.15	1.63%
YHOO	34.9	36.52	34.85	36.18	20968100.0	36.18	1.28	3.67%
YUM	43.38	43.56	42.96	43.53	1750200.0	19.03	0.15	0.35%
ZMH	73.75	76.4	73.3	75.95	3325200.0	75.52	2.20	2.98%
ZION	65.43	66.12	64.88	66.12	439600.0	58.5	0.69	1.05%
