MMM	70.26	71.29	69.75	70.91	2978000.0	63.78	0.65	0.93%
ACE	49.23	51.06	49.23	50.78	3124800.0	46.16	1.55	3.15%
ABT	57.95	58.14	57.51	58.04	3815800.0	50.69	0.09	0.16%
ANF	49.8	50.94	49.75	50.78	1925000.0	47.03	0.98	1.97%
ACN	40.19	40.26	39.9	40.05	1960200.0	36.81	-0.14	-0.35%
ADBE	43.76	44.78	43.44	44.51	5308900.0	44.51	0.75	1.71%
AMD	5.58	5.82	5.54	5.76	14840600.0	5.76	0.18	3.23%
AES	15.06	15.5	15.06	15.43	3213900.0	15.43	0.37	2.46%
AET	41.58	42.98	41.47	42.65	3220700.0	41.47	1.07	2.57%
AFL	53.79	54.93	53.54	54.49	2468200.0	49.08	0.70	1.30%
A	34.32	34.84	34.31	34.63	2085900.0	34.46	0.31	0.90%
GAS	32.83	33.14	32.7	32.81	509800.0	27.73	-0.02	-0.06%
APD	91.42	92.27	91.23	91.85	977000.0	82.41	0.43	0.47%
ARG	58.28	59.22	57.8	58.83	415300.0	55.07	0.55	0.94%
AKAM	22.56	22.88	22.49	22.59	2687900.0	22.59	0.03	0.13%
AA	31.76	32.37	31.33	32.14	7655100.0	30.06	0.38	1.20%
ALXN	89.26	90.3	86.17	88.0	4870000.0	22.0	-1.26	-1.41%
ATI	50.14	50.24	49.24	49.81	1289600.0	46.44	-0.33	-0.66%
AGN	55.52	56.4	55.31	56.33	1544100.0	55.72	0.81	1.46%
ALL	44.91	45.31	44.6	45.05	2672200.0	39.5	0.14	0.31%
ANR	95.81	98.48	93.86	97.34	2612300.0	97.34	1.53	1.60%
ALTR	22.69	22.84	22.41	22.61	6502000.0	21.86	-0.08	-0.35%
MO	20.88	20.95	20.65	20.91	8857900.0	16.12	0.03	0.14%
AMZN	81.41	83.77	80.98	83.26	6157800.0	83.26	1.85	2.27%
AEE	42.05	42.22	41.7	42.04	1140800.0	33.28	-0.01	-0.02%
AEP	38.24	38.86	38.24	38.6	1569100.0	31.91	0.36	0.94%
AXP	36.84	37.54	36.5	37.01	9544900.0	34.02	0.17	0.46%
AIG	20.34	20.57	19.48	19.78	2365600.0	328.16	-0.56	-2.75%
AMT	39.58	40.56	39.34	40.34	2528800.0	40.08	0.76	1.92%
AMP	42.57	43.23	42.32	42.94	1787000.0	39.74	0.37	0.87%
ABC	41.31	41.86	40.87	41.78	3129600.0	19.93	0.47	1.14%
AMGN	63.01	63.91	62.78	63.81	6915300.0	63.15	0.80	1.27%
APH	48.53	49.05	48.0	48.9	728400.0	48.45	0.37	0.76%
APC	61.15	61.85	60.07	60.63	8439000.0	59.11	-0.52	-0.85%
ADI	29.14	29.27	28.55	28.7	6948600.0	25.35	-0.44	-1.51%
AON	45.95	46.84	45.89	46.7	1406100.0	44.31	0.75	1.63%
APA	116.99	117.64	113.87	115.89	4952300.0	112.87	-1.10	-0.94%
AIV	35.45	35.89	35.19	35.48	2134200.0	24.59	0.03	0.08%
APOL	63.0	63.2	62.03	62.71	1235500.0	62.71	-0.29	-0.46%
AAPL	174.47	175.45	171.89	174.29	19276600.0	174.29	-0.18	-0.10%
AMAT	18.29	18.49	18.15	18.36	10960500.0	16.83	0.07	0.38%
ADM	26.14	26.6	25.75	26.55	8017000.0	24.56	0.41	1.57%
AIZ	56.9	57.61	56.79	57.1	1450700.0	52.76	0.20	0.35%
T	30.46	30.86	30.32	30.76	15795500.0	24.21	0.30	0.98%
ADSK	37.06	37.06	36.23	36.62	1874700.0	36.62	-0.44	-1.19%
ADP	43.88	44.8	43.67	44.72	1703600.0	39.42	0.84	1.91%
AN	11.06	11.55	10.94	11.49	2593800.0	11.49	0.43	3.89%
AZO	133.56	135.86	132.78	134.34	874900.0	134.34	0.78	0.58%
AVB	96.08	99.07	95.89	98.23	1022700.0	81.15	2.15	2.24%
AVY	47.02	47.68	47.02	47.5	755600.0	41.23	0.48	1.02%
AVP	42.75	43.25	42.21	42.58	2002300.0	37.31	-0.17	-0.40%
BHI	81.92	81.98	80.29	81.13	4846900.0	77.29	-0.79	-0.96%
BLL	43.56	45.4	43.56	45.14	988600.0	21.87	1.58	3.63%
BAC	28.65	29.35	27.98	29.04	49905900.0	27.42	0.39	1.36%
BK	34.86	35.06	34.16	34.23	10653400.0	31.59	-0.63	-1.81%
BCR	93.17	95.69	93.01	95.65	745800.0	92.57	2.48	2.66%
BAX	68.89	70.08	68.79	70.03	2340000.0	64.05	1.14	1.65%
BBT	27.58	28.5	27.1	28.22	6586300.0	24.57	0.64	2.32%
BEAM	56.17	57.45	56.17	57.13	1036100.0	52.93	0.96	1.71%
BDX	86.72	88.19	86.72	87.98	1178800.0	81.55	1.26	1.45%
BBBY	28.83	29.79	28.71	29.61	4392000.0	29.61	0.78	2.71%
BMS	27.26	27.74	27.21	27.58	531300.0	24.37	0.32	1.17%
BRK.B	3845.0	3860.0	3818.0	3835.0	14000.0	76.7	-10.00	-0.26%
BBY	43.61	44.44	43.25	44.34	4265800.0	41.02	0.73	1.67%
BIG	32.0	32.87	32.0	32.62	1316000.0	32.62	0.62	1.94%
BIIB	54.07	54.1	52.6	53.16	2248300.0	53.16	-0.91	-1.68%
BLK	205.37	212.26	205.37	211.45	250100.0	191.16	6.08	2.96%
HRB	24.75	25.39	24.66	25.27	2205400.0	21.52	0.52	2.10%
BMC	33.75	33.75	33.05	33.36	1271800.0	33.36	-0.39	-1.16%
BA	62.97	63.79	62.21	63.55	4048500.0	57.15	0.58	0.92%
BXP	96.86	98.63	96.86	98.02	1241600.0	86.92	1.16	1.20%
BSX	12.6	13.05	12.6	13.0	5722100.0	13.0	0.40	3.17%
BMY	21.43	22.07	21.31	21.9	11816300.0	17.99	0.47	2.19%
BRCM	27.11	27.3	26.59	26.82	9560800.0	26.14	-0.29	-1.07%
CHRW	50.35	50.35	49.32	49.82	987600.0	46.16	-0.53	-1.05%
CA	23.77	24.13	23.54	24.05	2527000.0	22.93	0.28	1.18%
CVC	31.78	32.65	31.78	32.46	1626300.0	20.55	0.68	2.14%
COG	46.31	46.57	44.81	45.43	4191000.0	22.45	-0.88	-1.90%
CAM	48.86	49.37	47.82	48.75	6232900.0	48.75	-0.11	-0.23%
CPB	37.19	37.3	36.99	37.16	1066200.0	32.58	-0.03	-0.08%
COF	40.0	41.48	39.75	41.22	6538400.0	39.09	1.22	3.05%
CAH	54.34	55.63	54.34	55.45	1275900.0	31.29	1.11	2.04%
KMX	14.88	14.95	14.52	14.83	1425900.0	14.83	-0.05	-0.34%
CCL	35.75	36.23	35.36	36.01	4911900.0	34.1	0.26	0.73%
CAT	68.16	69.25	67.61	68.7	5100700.0	61.42	0.54	0.79%
CBG	13.26	13.61	13.1	13.18	3767200.0	13.18	-0.08	-0.60%
CBS	16.31	16.51	16.07	16.47	4265700.0	14.51	0.16	0.98%
CELG	72.11	72.27	70.75	71.91	2918100.0	71.91	-0.20	-0.28%
CNP	15.77	16.04	15.75	16.0	2219100.0	13.17	0.23	1.46%
CTL	36.84	37.65	36.84	37.42	610100.0	27.07	0.58	1.57%
CERN	46.64	47.22	46.24	46.94	568400.0	23.47	0.30	0.64%
CF	142.21	146.59	139.0	145.54	2558200.0	142.29	3.33	2.34%
SCHW	22.75	23.25	22.45	23.02	9939800.0	21.73	0.27	1.19%
CHK	49.58	50.13	48.57	49.39	16160300.0	46.77	-0.19	-0.38%
CVX	87.25	89.1	87.14	88.52	11225000.0	77.7	1.27	1.46%
CMG	70.04	71.4	69.0	70.53	589700.0	70.53	0.49	0.70%
CB	45.94	46.74	45.52	46.39	1830800.0	41.62	0.45	0.98%
CI	41.5	41.95	41.11	41.48	1874700.0	41.23	-0.02	-0.05%
CINF	27.32	27.64	27.11	27.37	811900.0	21.91	0.05	0.18%
CTAS	29.01	30.71	29.01	30.34	822300.0	28.11	1.33	4.58%
CSCO	24.05	24.34	23.87	24.23	23700500.0	23.68	0.18	0.75%
C	17.1	17.55	16.89	17.47	6095200.0	171.87	0.37	2.16%
CTXS	30.41	30.82	29.96	30.71	2193900.0	30.71	0.30	0.99%
CLF	99.97	101.82	97.1	99.85	3410900.0	95.4	-0.12	-0.12%
CLX	59.03	59.33	58.28	58.37	1492000.0	51.01	-0.66	-1.12%
CME	338.91	344.86	338.0	342.11	3170500.0	62.44	3.20	0.94%
CMS	13.03	13.19	12.98	13.14	1719300.0	11.28	0.11	0.84%
COH	28.05	28.52	27.55	28.37	6626500.0	27.22	0.32	1.14%
KO	54.19	54.24	53.22	53.51	5835400.0	47.3	-0.68	-1.25%
CCE	17.13	17.17	16.82	16.94	2514400.0	10.75	-0.19	-1.11%
CTSH	29.63	29.94	29.28	29.91	3400800.0	29.91	0.28	0.94%
CL	76.25	76.42	75.66	76.26	2114200.0	68.85	0.01	0.01%
CMCSA	21.18	21.55	20.95	21.47	13293900.0	19.89	0.29	1.37%
CMA	26.05	26.42	25.2	25.7	5628200.0	23.85	-0.35	-1.34%
CSC	46.0	47.31	46.0	47.27	554800.0	45.0	1.27	2.76%
CAG	22.19	22.19	21.82	21.96	2709700.0	18.85	-0.23	-1.04%
COP	81.69	85.42	81.41	85.05	15519800.0	55.21	3.36	4.11%
CNX	71.2	72.45	69.32	71.77	5269200.0	68.9	0.57	0.80%
ED	40.57	40.98	40.35	40.83	1407000.0	33.76	0.26	0.64%
STZ	20.78	21.28	20.77	21.23	1310200.0	21.23	0.45	2.17%
CBE	46.65	46.74	45.95	46.5	860900.0	41.74	-0.15	-0.32%
GLW	20.81	21.4	20.7	21.34	10539600.0	20.13	0.53	2.55%
COST	65.5	66.39	65.24	66.25	2984300.0	63.11	0.75	1.15%
CVH	35.93	36.87	35.93	36.53	1118400.0	36.25	0.60	1.67%
COV	53.64	53.97	53.27	53.97	2370700.0	50.45	0.33	0.62%
CCI	37.17	37.83	37.11	37.65	918700.0	37.65	0.48	1.29%
CSX	59.94	62.53	59.89	61.96	12098700.0	18.95	2.02	3.37%
CMI	66.57	66.69	64.71	65.45	1736900.0	61.56	-1.12	-1.68%
CVS	37.18	37.52	36.6	37.36	7513100.0	35.61	0.18	0.48%
DHI	10.48	11.47	10.41	11.4	7112200.0	10.82	0.92	8.78%
DHR	81.32	82.51	80.79	82.32	2671600.0	40.84	1.00	1.23%
DRI	32.51	32.6	31.78	32.31	1602400.0	28.55	-0.20	-0.62%
DVA	56.7	58.59	55.33	58.27	473400.0	58.27	1.57	2.77%
DF	24.43	25.32	24.11	24.55	2377500.0	24.3	0.12	0.49%
DE	65.68	67.5	65.5	66.98	3923700.0	61.35	1.30	1.98%
DELL	24.69	25.34	24.65	25.21	15220200.0	25.21	0.52	2.11%
DNR	26.19	26.65	25.74	26.33	2930500.0	26.33	0.14	0.53%
XRAY	39.97	40.72	39.22	39.82	858600.0	38.91	-0.15	-0.38%
DVN	105.74	106.75	103.62	105.2	7402500.0	101.06	-0.54	-0.51%
DV	48.84	49.3	47.79	49.21	993900.0	48.16	0.37	0.76%
DO	113.89	114.67	112.01	112.96	1598600.0	85.31	-0.93	-0.82%
DTV	27.29	28.35	27.28	27.95	8455800.0	27.95	0.66	2.42%
DFS	14.39	15.36	14.13	15.21	5239200.0	14.59	0.82	5.70%
DISCA	19.54	19.63	19.13	19.51	2087400.0	19.51	-0.03	-0.15%
DLTR	38.84	39.49	38.67	39.41	5078400.0	13.14	0.57	1.47%
D	42.74	43.73	42.74	43.6	1346100.0	36.9	0.86	2.01%
RRD	26.51	26.96	26.37	26.64	1067800.0	20.66	0.13	0.49%
DOV	48.25	48.96	47.85	48.75	847300.0	44.14	0.50	1.04%
DOW	33.87	34.17	33.7	34.05	4236100.0	29.64	0.18	0.53%
DPS	23.91	24.02	23.06	24.02	1376900.0	22.21	0.11	0.46%
DTE	41.59	42.28	41.59	42.08	575300.0	34.22	0.49	1.18%
DD	43.75	44.43	43.27	44.16	3079800.0	37.56	0.41	0.94%
DUK	17.62	17.75	17.55	17.66	2039300.0	43.0	0.04	0.23%
DNB	92.61	94.07	92.27	93.15	221600.0	86.43	0.54	0.58%
ETFC	2.95	2.96	2.91	2.94	749800.0	29.4	-0.01	-0.34%
EMN	59.89	61.01	59.71	60.74	801600.0	26.63	0.85	1.42%
ETN	70.78	71.55	70.14	71.09	1929400.0	31.41	0.31	0.44%
EBAY	24.78	24.78	24.21	24.52	12704200.0	24.52	-0.26	-1.05%
ECL	44.71	45.43	44.71	45.34	786500.0	42.89	0.63	1.41%
EIX	45.4	46.87	45.25	46.51	2497400.0	40.7	1.11	2.44%
EW	58.74	60.06	58.69	59.52	889600.0	29.76	0.78	1.33%
EA	46.88	47.1	46.12	46.94	2543400.0	46.94	0.06	0.13%
EMC	14.98	15.43	14.91	15.29	22335200.0	15.29	0.31	2.07%
EMR	46.87	47.72	46.6	47.36	3924900.0	42.11	0.49	1.05%
ETR	100.57	103.55	100.32	103.1	1688400.0	87.3	2.53	2.52%
EOG	108.81	108.81	104.47	106.31	3397300.0	103.39	-2.50	-2.30%
EQT	50.42	52.71	50.42	52.25	1630000.0	48.41	1.83	3.63%
EFX	34.87	35.24	34.76	35.0	729800.0	33.51	0.13	0.37%
EQR	41.01	42.0	40.98	41.34	4786900.0	35.09	0.33	0.80%
EL	49.86	50.12	49.5	50.06	4758000.0	23.77	0.20	0.40%
EXC	73.51	77.38	73.5	76.85	4011100.0	64.6	3.34	4.54%
EXPE	18.32	18.77	18.15	18.73	1425000.0	26.87	0.41	2.24%
EXPD	35.06	35.59	34.69	35.26	1661600.0	33.75	0.20	0.57%
ESRX	73.25	74.15	72.39	73.87	4617600.0	36.94	0.62	0.85%
XOM	79.28	80.95	79.0	80.35	24638500.0	73.36	1.07	1.35%
FFIV	33.45	33.63	32.95	33.47	793700.0	33.47	0.02	0.06%
FDO	23.35	23.95	22.91	23.57	2291000.0	22.11	0.22	0.94%
FAST	49.95	50.43	49.7	50.33	1543600.0	23.49	0.38	0.76%
FII	32.02	32.72	31.76	32.5	1405200.0	26.48	0.48	1.50%
FDX	80.76	81.31	79.92	81.27	2538600.0	79.19	0.51	0.63%
FIS	21.92	22.26	21.65	22.16	939100.0	21.24	0.24	1.09%
FITB	13.83	14.28	13.51	14.12	7710800.0	13.35	0.29	2.10%
FHN	10.15	10.3	9.98	10.16	5024800.0	9.64	0.01	0.10%
FSLR	271.12	282.41	271.12	279.27	2420800.0	279.27	8.15	3.01%
FE	71.75	73.7	71.75	73.39	1084800.0	60.54	1.64	2.29%
FISV	49.42	51.03	49.42	50.87	1145700.0	50.87	1.45	2.93%
FLIR	38.27	38.38	37.0	37.15	803800.0	36.61	-1.12	-2.93%
FLS	132.22	134.65	130.82	133.87	584200.0	127.13	1.65	1.25%
FLR	76.84	79.99	75.52	79.49	3514300.0	76.28	2.65	3.45%
FMC	73.03	73.67	71.49	72.93	1453200.0	35.27	-0.10	-0.14%
FTI	53.94	54.99	53.3	54.21	4070600.0	27.1	0.27	0.50%
F	4.54	4.58	4.4	4.42	60551000.0	4.38	-0.12	-2.64%
FRX	37.03	37.09	36.6	36.82	2140100.0	36.82	-0.21	-0.57%
FOSL	29.06	29.51	28.54	29.06	522100.0	29.06	0.00	0.00%
BEN	97.78	100.26	97.35	99.65	956600.0	93.76	1.87	1.91%
FCX	92.98	94.75	92.15	93.66	23283400.0	43.69	0.68	0.73%
FTR	12.5	12.75	12.48	12.71	2062100.0	8.08	0.21	1.68%
GME	41.57	43.86	39.9	43.48	11451200.0	42.85	1.91	4.59%
GCI	17.24	17.62	16.91	17.55	5229500.0	14.88	0.31	1.80%
GPS	19.03	19.09	18.68	19.01	13456300.0	17.49	-0.02	-0.11%
GD	90.62	91.95	90.09	91.77	2642000.0	82.56	1.15	1.27%
GE	28.3	28.82	28.2	28.75	37627500.0	24.47	0.45	1.59%
GIS	66.38	67.35	66.01	67.07	5149000.0	29.68	0.69	1.04%
GPC	41.27	42.21	41.27	42.19	620400.0	36.1	0.92	2.23%
GNW	14.8	15.05	14.62	14.72	4211400.0	14.43	-0.08	-0.54%
GILD	54.15	54.44	53.29	54.15	6475600.0	54.15	0.00	0.00%
GS	155.79	158.0	152.59	156.42	14534400.0	149.66	0.63	0.40%
GR	50.34	51.1	50.06	50.82	1258900.0	47.67	0.48	0.95%
GT	19.7	19.74	19.05	19.35	2158000.0	19.35	-0.35	-1.78%
GOOG	482.92	489.9	479.27	486.53	3514100.0	486.53	3.61	0.75%
GWW	89.02	90.93	89.02	90.31	547400.0	84.29	1.29	1.45%
HAL	45.8	46.24	45.09	45.96	15669500.0	43.75	0.16	0.35%
HOG	39.1	39.1	37.93	38.5	3055500.0	35.38	-0.60	-1.53%
HAR	33.16	34.68	33.16	34.53	934100.0	34.19	1.37	4.13%
HRS	52.11	52.52	51.62	51.97	1025600.0	47.24	-0.14	-0.27%
HIG	60.43	60.44	59.28	59.78	2328900.0	53.67	-0.65	-1.08%
HAS	36.46	36.96	35.95	36.32	2423400.0	32.3	-0.14	-0.38%
HCP	33.98	34.71	33.98	34.23	2176100.0	27.33	0.25	0.74%
HCN	50.91	51.02	50.04	50.55	685300.0	40.16	-0.36	-0.71%
HNZ	52.28	52.28	51.45	51.99	3593800.0	44.5	-0.29	-0.55%
HP	56.84	58.0	56.44	57.18	1792000.0	55.98	0.34	0.60%
HES	105.98	110.0	105.73	109.09	6262900.0	106.2	3.11	2.93%
HPQ	45.7	46.55	45.61	46.45	14401000.0	44.38	0.75	1.64%
HD	25.6	26.68	25.51	26.57	18816700.0	23.35	0.97	3.79%
HON	48.04	48.96	47.67	48.75	3408900.0	43.56	0.71	1.48%
HRL	34.51	36.5	34.0	35.44	1758200.0	16.32	0.93	2.69%
HSP	38.21	38.89	38.06	38.68	1051700.0	38.68	0.47	1.23%
HST	13.22	13.52	13.16	13.36	5128800.0	12.78	0.14	1.06%
HCBK	17.86	17.91	17.64	17.78	7035700.0	15.0	-0.08	-0.45%
HUM	46.35	47.6	46.25	47.35	2135200.0	46.64	1.00	2.16%
HBAN	6.79	7.05	6.79	6.97	9573300.0	6.39	0.18	2.65%
ITW	47.23	48.44	47.23	48.29	2272600.0	42.98	1.06	2.24%
IR	37.76	38.41	37.55	38.26	3140400.0	35.94	0.50	1.32%
TEG	51.75	52.42	51.75	52.22	288500.0	40.89	0.47	0.91%
INTC	23.13	23.27	22.8	23.05	54971900.0	20.39	-0.08	-0.35%
ICE	84.61	85.82	83.0	84.15	1467500.0	84.15	-0.46	-0.54%
IBM	121.58	123.43	121.55	122.99	6315000.0	114.77	1.41	1.16%
IFF	40.56	41.1	40.56	40.9	305100.0	37.17	0.34	0.84%
IGT	21.17	22.25	21.01	21.85	3368100.0	20.31	0.68	3.21%
IP	27.37	27.75	27.07	27.46	2309900.0	24.18	0.09	0.33%
IPG	8.81	9.21	8.81	9.15	4498000.0	8.83	0.34	3.86%
INTU	29.86	30.15	29.45	30.03	4982200.0	29.7	0.17	0.57%
ISRG	299.84	306.38	298.51	300.72	322000.0	300.72	0.88	0.29%
IVZ	24.91	25.24	24.73	24.77	8101600.0	22.59	-0.14	-0.56%
IRM	28.22	28.55	27.69	28.47	539500.0	26.76	0.25	0.89%
JBL	17.38	17.4	16.77	17.04	1984000.0	15.64	-0.34	-1.96%
JEC	74.34	76.88	73.19	76.32	1260800.0	76.32	1.98	2.66%
JDSU	10.27	10.58	9.79	10.42	22006400.0	10.42	0.15	1.46%
JNJ	70.68	71.54	70.51	71.28	7840100.0	62.17	0.60	0.85%
JCI	30.86	31.29	30.49	31.13	3760400.0	28.43	0.27	0.87%
JOY	67.37	71.65	67.35	71.28	2764100.0	67.12	3.91	5.80%
JPM	36.18	36.6	35.79	36.26	30564500.0	33.72	0.08	0.22%
JNPR	25.41	25.66	25.13	25.54	6144300.0	25.54	0.13	0.51%
K	54.01	54.42	53.86	54.18	778400.0	47.82	0.17	0.31%
KEY	10.65	10.84	10.48	10.53	7322400.0	9.85	-0.12	-1.13%
KMB	60.38	61.05	60.0	60.99	1877200.0	51.62	0.61	1.01%
KIM	34.2	35.02	34.12	34.67	1655100.0	27.64	0.47	1.37%
KLAC	38.81	39.25	38.33	39.01	2746800.0	35.57	0.20	0.52%
KSS	47.2	48.0	46.02	47.96	7914200.0	46.36	0.76	1.61%
KFT	32.51	32.84	32.44	32.67	11478400.0	28.06	0.16	0.49%
KR	28.38	28.38	27.93	28.03	5163000.0	26.23	-0.35	-1.23%
LLL	103.43	104.33	102.85	103.91	540800.0	96.22	0.48	0.46%
LH	72.3	72.73	72.13	72.51	918800.0	72.51	0.21	0.29%
LRCX	37.19	37.52	36.63	37.14	1642400.0	37.14	-0.05	-0.13%
LM	38.37	40.65	38.37	40.37	1761500.0	37.68	2.00	5.21%
LEG	20.45	20.75	20.18	20.75	2003300.0	16.72	0.30	1.47%
LEN	10.49	11.59	10.45	11.47	7269600.0	10.98	0.98	9.34%
LUK	42.44	43.21	42.04	42.99	636500.0	42.13	0.55	1.30%
LXK	35.67	36.4	35.41	36.26	1029600.0	35.33	0.59	1.65%
LIFE	42.49	42.53	41.81	41.97	1279100.0	41.97	-0.52	-1.22%
LLY	47.48	47.48	46.57	47.17	4161600.0	38.51	-0.31	-0.65%
LTD	19.1	20.66	18.35	20.28	19155500.0	17.78	1.18	6.18%
LNC	47.74	48.67	47.27	48.02	2222100.0	45.9	0.28	0.59%
LLTC	32.91	32.99	32.55	32.89	3040800.0	29.09	-0.02	-0.06%
LMT	113.76	115.39	112.55	115.04	2238000.0	99.67	1.28	1.13%
L	41.0	41.44	40.64	40.98	1598400.0	39.77	-0.02	-0.05%
LO	71.3	72.01	70.57	71.75	2395300.0	57.88	0.45	0.63%
LOW	23.91	24.66	23.74	24.57	11464800.0	22.75	0.66	2.76%
LSI	7.27	7.32	7.2	7.29	6475400.0	7.29	0.02	0.28%
MTB	68.32	68.84	67.2	68.25	1653600.0	57.96	-0.07	-0.10%
M	19.23	19.59	18.71	19.44	7182000.0	18.11	0.21	1.09%
MRO	46.3	46.3	45.49	46.01	5765300.0	25.13	-0.29	-0.63%
MAR	26.7	27.05	26.3	26.96	2702600.0	25.94	0.26	0.97%
MMC	31.3	32.33	30.91	31.99	3576200.0	28.04	0.69	2.20%
MAS	17.41	17.95	17.18	17.8	4310000.0	15.66	0.39	2.24%
MA	241.61	242.73	237.6	241.26	1515000.0	238.62	-0.35	-0.14%
MAT	20.13	20.84	20.13	20.75	3850200.0	17.29	0.62	3.08%
MKC	40.27	40.48	40.03	40.45	560500.0	36.47	0.18	0.45%
MCD	61.93	62.85	61.9	62.31	5135300.0	54.91	0.38	0.61%
MHP	41.75	42.0	41.25	41.86	773100.0	37.27	0.11	0.26%
MCK	56.69	57.54	56.21	57.34	1195100.0	55.08	0.65	1.15%
MWV	25.6	26.12	25.6	25.99	767900.0	21.92	0.39	1.52%
MDT	55.53	56.85	55.11	56.55	10990900.0	51.41	1.02	1.84%
MRK	34.86	34.99	34.15	34.82	14101700.0	28.83	-0.04	-0.11%
MET	49.97	51.7	49.97	51.14	5858500.0	47.1	1.17	2.34%
PCS	16.65	17.64	16.55	17.4	2404200.0	17.4	0.75	4.50%
MCHP	32.01	32.29	31.72	32.0	2349300.0	26.67	-0.01	-0.03%
MU	4.7	4.74	4.59	4.68	8899600.0	4.68	-0.02	-0.43%
MSFT	27.1	27.23	26.86	27.18	43614200.0	24.84	0.08	0.30%
MOLX	24.72	24.96	24.52	24.73	1388300.0	21.67	0.01	0.04%
TAP	47.06	49.0	46.81	48.59	1926700.0	43.99	1.53	3.25%
MON	119.29	120.43	117.23	119.31	5661300.0	112.1	0.02	0.02%
MNST	29.71	29.97	29.08	29.32	5138400.0	14.66	-0.39	-1.31%
MCO	36.38	37.63	36.25	37.31	2585000.0	35.02	0.93	2.56%
MS	36.55	37.54	36.4	37.06	15685600.0	34.96	0.51	1.40%
MOS	109.74	110.5	104.37	108.12	7698100.0	106.45	-1.62	-1.48%
MSI	5.61	5.84	5.55	5.82	2587200.0	38.77	0.21	3.74%
MUR	80.95	81.25	79.37	79.96	2221500.0	74.48	-0.99	-1.22%
MYL	12.8	13.06	12.76	12.98	5827500.0	12.98	0.18	1.41%
NBR	36.0	36.58	35.19	36.05	8481800.0	36.05	0.05	0.14%
NDAQ	31.7	31.95	30.83	30.98	3226700.0	30.98	-0.72	-2.27%
NOV	76.31	78.65	74.58	77.63	8986700.0	74.22	1.32	1.73%
NTAP	23.84	24.15	23.69	24.01	7996800.0	24.01	0.17	0.71%
NFLX	29.95	30.44	29.9	30.0	769600.0	30.0	0.05	0.17%
NWL	17.68	18.12	17.68	17.93	1790500.0	16.2	0.25	1.41%
NFX	46.41	47.07	45.68	45.98	1938500.0	45.98	-0.43	-0.93%
NEM	44.76	45.13	43.97	44.89	7549300.0	42.58	0.13	0.29%
NWSA	13.19	13.5	13.17	13.47	9828600.0	12.85	0.28	2.12%
NEE	60.62	61.34	60.17	61.1	1381800.0	52.54	0.48	0.79%
NKE	60.1	60.73	59.26	60.59	2713900.0	56.84	0.49	0.82%
NI	16.64	16.71	16.45	16.64	2109000.0	13.28	0.00	0.00%
NE	52.07	53.14	52.06	52.7	4586400.0	50.07	0.63	1.21%
NBL	73.01	74.43	72.26	73.42	2546100.0	70.62	0.41	0.56%
JWN	28.69	29.28	28.15	29.06	3522500.0	26.21	0.37	1.29%
NSC	67.19	70.02	67.0	69.54	2746400.0	62.92	2.35	3.50%
NTRS	77.53	77.83	76.51	77.21	1620100.0	70.37	-0.32	-0.41%
NOC	68.83	69.63	68.56	69.39	1969200.0	55.39	0.56	0.81%
NU	27.25	27.86	27.05	27.6	917900.0	23.87	0.35	1.28%
NRG	38.8	38.88	38.01	38.62	3507300.0	38.44	-0.18	-0.46%
NUE	52.85	53.07	51.51	52.33	3788100.0	45.46	-0.52	-0.98%
NVDA	13.83	13.94	13.34	13.62	25539000.0	13.62	-0.21	-1.52%
NYX	39.38	39.51	38.0	38.77	6270600.0	32.58	-0.61	-1.55%
ORLY	28.7	28.96	28.39	28.91	1028400.0	28.91	0.21	0.73%
OXY	82.44	84.95	81.44	83.81	8739300.0	77.32	1.37	1.66%
OMC	41.26	42.66	41.26	42.64	2692200.0	39.2	1.38	3.34%
OKE	43.47	43.98	43.47	43.8	1077000.0	18.85	0.33	0.76%
ORCL	22.39	22.45	22.16	22.3	22441900.0	21.67	-0.09	-0.40%
OI	41.43	41.66	40.84	41.57	2441600.0	41.57	0.14	0.34%
PCAR	43.33	43.56	42.61	43.26	2133200.0	40.58	-0.07	-0.16%
PLL	39.34	40.1	39.34	40.06	492900.0	37.58	0.72	1.83%
PH	61.14	61.69	60.51	61.55	1715200.0	57.31	0.41	0.67%
PDCO	31.33	32.15	31.06	31.89	2895000.0	30.73	0.56	1.79%
PAYX	34.27	34.68	34.0	34.49	2102300.0	29.04	0.22	0.64%
BTU	65.7	68.6	65.7	68.13	8713800.0	66.01	2.43	3.70%
JCP	35.75	36.78	35.51	36.77	4112200.0	33.12	1.02	2.85%
PBCT	16.68	16.82	16.45	16.78	3073300.0	14.07	0.10	0.60%
POM	24.64	24.83	24.49	24.73	1490200.0	19.17	0.09	0.37%
PEP	69.51	69.66	68.65	69.39	5647400.0	61.37	-0.12	-0.17%
PKI	28.32	28.67	28.29	28.58	616600.0	27.08	0.26	0.92%
PRGO	35.27	36.06	35.18	35.97	1634500.0	35.28	0.70	1.98%
PFE	19.15	19.44	19.04	19.37	27027600.0	16.31	0.22	1.15%
PCG	40.03	40.58	39.91	40.0	1484100.0	33.89	-0.03	-0.07%
PM	54.2	55.05	53.55	54.82	4693100.0	45.85	0.62	1.14%
PNW	34.83	35.28	34.75	35.13	481800.0	28.23	0.30	0.86%
PXD	62.19	64.21	61.4	63.27	2705900.0	62.72	1.08	1.74%
PBI	32.56	33.98	32.56	33.81	918300.0	26.19	1.25	3.84%
PCL	45.22	46.45	44.59	46.09	1815700.0	38.7	0.87	1.92%
PNC	68.94	70.79	68.11	70.24	3064600.0	64.98	1.30	1.89%
RL	72.12	74.04	71.93	72.94	1916700.0	71.47	0.82	1.14%
PPG	63.05	63.14	61.94	62.49	1202900.0	55.06	-0.56	-0.89%
PPL	44.47	45.12	44.15	45.02	1329100.0	37.04	0.55	1.24%
PX	89.15	90.97	88.97	90.83	1559900.0	83.37	1.68	1.88%
PCP	97.77	98.49	96.64	98.05	1049600.0	97.61	0.28	0.29%
PCLN	99.14	100.0	97.51	99.21	750500.0	99.21	0.07	0.07%
PFG	43.14	44.46	42.78	43.96	2359600.0	39.64	0.82	1.90%
PG	69.83	70.11	69.29	69.9	9722500.0	61.7	0.07	0.10%
PGR	17.87	18.0	17.68	17.85	3204400.0	16.98	-0.02	-0.11%
PLD	45.14	45.43	43.43	43.93	1533400.0	37.23	-1.21	-2.68%
PRU	69.96	71.64	69.01	70.88	2549300.0	64.16	0.92	1.32%
PSA	84.92	85.45	84.02	84.52	1669600.0	73.88	-0.40	-0.47%
PHM	12.38	13.35	12.15	13.23	7015900.0	13.15	0.85	6.87%
PWR	32.61	33.59	32.55	33.36	1240700.0	33.36	0.75	2.30%
QCOM	54.95	55.1	54.12	54.71	13137600.0	51.23	-0.24	-0.44%
DGX	54.0	55.17	53.99	54.44	1353700.0	52.66	0.44	0.81%
RRC	47.36	48.0	46.33	46.92	4440600.0	46.29	-0.44	-0.93%
RTN	59.84	60.75	59.71	60.63	1839700.0	53.57	0.79	1.32%
RHT	21.78	21.83	21.42	21.6	1831200.0	21.6	-0.18	-0.83%
RF	8.33	8.62	8.11	8.15	13563900.0	7.61	-0.18	-2.16%
RSG	32.47	33.05	32.46	32.79	1132800.0	29.15	0.32	0.99%
RAI	55.03	55.42	54.58	55.25	3085800.0	21.1	0.22	0.40%
RHI	25.48	25.92	25.48	25.82	585600.0	23.81	0.34	1.33%
ROK	46.99	47.76	46.44	47.54	1285200.0	42.97	0.55	1.17%
COL	50.79	51.04	49.85	50.77	1165600.0	47.17	-0.02	-0.04%
ROP	60.73	61.14	59.68	60.0	655600.0	58.48	-0.73	-1.20%
ROST	37.96	38.98	37.67	38.89	4185000.0	18.59	0.93	2.45%
RDC	38.28	38.6	37.0	37.97	3557400.0	37.76	-0.31	-0.81%
R	65.76	66.99	65.57	66.71	673800.0	60.65	0.95	1.44%
SWY	26.28	26.28	25.54	25.67	4197400.0	23.43	-0.61	-2.32%
SAI	19.3	19.4	19.21	19.23	692100.0	18.85	-0.07	-0.36%
CRM	58.47	58.47	52.73	53.25	14002600.0	53.25	-5.22	-8.93%
SNDK	14.78	14.86	14.42	14.73	6073600.0	14.73	-0.05	-0.34%
SCG	37.9	38.43	37.87	38.11	459100.0	31.09	0.21	0.55%
SLB	96.86	100.0	96.85	98.96	11120300.0	93.62	2.10	2.17%
SNI	41.05	42.36	40.83	41.86	389700.0	40.4	0.81	1.97%
STX	15.82	16.42	15.82	16.36	5152200.0	15.15	0.54	3.41%
SEE	22.19	22.9	22.19	22.67	1373200.0	20.4	0.48	2.16%
SHLD	85.98	88.0	84.91	86.82	1888900.0	86.82	0.84	0.98%
SRE	56.92	57.12	56.6	57.02	2305500.0	49.85	0.10	0.18%
SHW	55.9	57.66	54.38	57.56	1205100.0	53.25	1.66	2.97%
SIAL	58.92	59.03	58.23	58.72	693000.0	56.04	-0.20	-0.34%
SPG	91.43	93.56	91.28	92.38	1910300.0	81.78	0.95	1.04%
SLM	14.0	14.25	13.68	14.05	7808900.0	13.52	0.05	0.36%
SJM	55.38	55.61	54.46	54.66	342800.0	49.38	-0.72	-1.30%
SNA	56.31	57.13	56.11	56.77	294700.0	50.96	0.46	0.82%
SO	37.34	37.7	37.22	37.56	3151300.0	31.19	0.22	0.59%
LUV	14.63	15.14	14.5	14.87	9413200.0	14.74	0.24	1.64%
SWN	39.6	40.02	38.3	38.72	7179400.0	38.72	-0.88	-2.22%
SE	26.07	26.41	25.83	25.98	2221100.0	21.77	-0.09	-0.35%
S	9.06	9.11	8.78	8.98	33011400.0	8.98	-0.08	-0.88%
STJ	46.06	46.92	46.01	46.67	2026300.0	45.23	0.61	1.32%
SWK	45.9	47.41	45.9	47.33	672100.0	42.27	1.43	3.12%
SPLS	23.51	23.94	23.43	23.91	8112000.0	22.22	0.40	1.70%
SBUX	15.58	15.77	15.45	15.68	7922500.0	15.14	0.10	0.64%
HOT	35.5	35.94	34.33	35.28	4867500.0	32.73	-0.22	-0.62%
STT	63.8	66.23	63.8	65.43	3430700.0	62.75	1.63	2.55%
SRCL	60.01	60.55	59.25	59.88	436500.0	59.88	-0.13	-0.22%
SYK	66.31	67.45	66.01	67.2	1481900.0	63.99	0.89	1.34%
SUN	41.59	41.78	40.33	40.34	3439100.0	36.8	-1.25	-3.01%
STI	39.52	40.33	39.06	40.33	4999600.0	37.69	0.81	2.05%
SYMC	21.72	22.0	21.55	21.88	11872500.0	21.88	0.16	0.74%
SYY	31.14	31.75	30.97	31.68	3661200.0	27.34	0.54	1.73%
TROW	57.23	58.77	56.94	58.25	1941200.0	53.13	1.02	1.78%
TGT	49.52	51.13	49.4	51.06	8409300.0	47.58	1.54	3.11%
TEL	33.14	33.46	32.9	33.19	2294200.0	30.06	0.05	0.15%
TE	16.87	17.42	16.87	17.35	1243800.0	14.19	0.48	2.85%
THC	6.04	6.17	5.97	6.13	2413600.0	6.13	0.09	1.49%
TDC	24.78	24.98	24.35	24.5	1369600.0	24.5	-0.28	-1.13%
TER	9.25	9.62	9.25	9.48	1579400.0	9.48	0.23	2.49%
TSO	17.18	17.39	16.62	16.82	4708300.0	16.15	-0.36	-2.10%
TXN	24.19	24.61	24.15	24.39	10530300.0	22.48	0.20	0.83%
TXT	38.64	38.86	37.45	38.03	4402300.0	36.57	-0.61	-1.58%
HSY	37.58	37.59	36.96	37.3	1833500.0	33.5	-0.28	-0.75%
TRV	42.6	43.14	42.02	42.74	2626300.0	38.17	0.14	0.33%
TMO	59.56	60.73	59.36	60.16	2110600.0	59.86	0.60	1.01%
TIF	37.87	38.78	37.31	38.58	1711000.0	35.57	0.71	1.87%
TWX	15.41	15.58	15.21	15.51	7083700.0	30.73	0.10	0.65%
TWC	26.13	26.62	25.84	26.22	460700.0	59.18	0.09	0.34%
TIE	12.08	12.66	11.98	12.47	3384400.0	11.96	0.39	3.23%
TJX	34.61	35.53	34.3	35.2	12547600.0	16.7	0.59	1.70%
TMK	57.52	58.04	57.16	57.64	985500.0	36.55	0.12	0.21%
TSS	19.05	19.59	19.05	19.53	724400.0	18.16	0.48	2.52%
TSN	16.14	16.53	16.11	16.29	3054800.0	15.6	0.15	0.93%
TYC	41.71	42.66	41.61	42.61	1935000.0	38.8	0.90	2.16%
USB	29.79	30.47	29.66	30.16	13408200.0	27.83	0.37	1.24%
UNP	77.52	78.56	76.86	77.98	3591000.0	72.08	0.46	0.59%
UNH	30.1	30.73	29.85	30.3	5937900.0	29.31	0.20	0.66%
UPS	62.11	62.37	60.99	62.19	3702700.0	55.28	0.08	0.13%
X	143.99	144.09	137.71	139.2	5195000.0	134.41	-4.79	-3.33%
UTX	64.1	64.68	63.52	64.21	4074700.0	58.4	0.11	0.17%
UNM	23.93	24.26	23.63	24.09	2006500.0	22.54	0.16	0.67%
URBN	33.99	34.7	33.92	34.43	2105100.0	34.43	0.44	1.29%
VFC	75.58	77.49	75.31	77.3	841000.0	68.39	1.72	2.28%
VLO	34.21	34.62	33.74	34.18	6510600.0	31.73	-0.03	-0.09%
VAR	63.78	64.35	63.35	64.13	1044500.0	64.13	0.35	0.55%
VTR	43.0	44.03	43.0	43.32	908600.0	35.54	0.32	0.74%
VRSN	31.45	32.03	31.1	31.82	1837000.0	29.4	0.37	1.18%
VZ	34.1	34.74	34.01	34.57	9518200.0	27.51	0.47	1.38%
VIAB	28.52	28.77	28.27	28.62	1879000.0	27.97	0.10	0.35%
V	73.96	74.64	73.19	74.38	3886200.0	72.4	0.42	0.57%
VNO	95.92	97.31	95.3	96.03	1585400.0	83.03	0.11	0.11%
VMC	74.0	75.33	73.2	74.6	569300.0	67.71	0.60	0.81%
WMT	57.89	58.59	57.48	58.5	11381900.0	53.52	0.61	1.05%
WAG	35.58	36.37	35.4	36.23	3927300.0	33.63	0.65	1.83%
DIS	31.65	32.0	31.32	31.83	6966700.0	30.16	0.18	0.57%
WPO	605.0	610.76	602.77	605.5	15200.0	553.14	0.50	0.08%
WM	34.65	34.77	33.6	34.68	2217500.0	29.66	0.03	0.09%
WAT	68.34	68.42	67.51	67.94	1250600.0	67.94	-0.40	-0.59%
WPI	29.11	29.71	29.11	29.61	683400.0	29.61	0.50	1.72%
WLP	53.03	53.93	52.45	53.65	2700500.0	52.4	0.62	1.17%
WFC	28.17	28.68	28.04	28.44	37272800.0	26.61	0.27	0.96%
WDC	28.27	28.8	28.06	28.74	2571100.0	28.74	0.47	1.66%
WU	27.84	28.04	27.62	28.01	3722900.0	26.66	0.17	0.61%
WY	50.5	52.54	50.5	52.16	1370100.0	17.66	1.66	3.29%
WHR	79.18	80.95	79.0	80.25	1149600.0	71.12	1.07	1.35%
WFM	18.57	18.7	18.3	18.37	3043900.0	18.15	-0.20	-1.08%
WMB	30.58	31.24	30.21	30.84	9324600.0	22.59	0.26	0.85%
WIN	11.93	12.02	11.85	11.93	2884600.0	8.28	0.00	0.00%
WEC	46.17	46.67	45.8	46.22	1168200.0	20.52	0.05	0.11%
WYN	17.57	17.98	17.4	17.83	2190300.0	16.39	0.26	1.48%
WYNN	92.89	94.11	90.01	90.21	2249100.0	82.37	-2.68	-2.89%
XEL	20.31	20.6	20.31	20.54	1915400.0	17.15	0.23	1.13%
XRX	13.8	13.99	13.77	13.9	2889000.0	12.82	0.10	0.72%
XLNX	26.31	26.43	25.96	26.29	5307800.0	23.87	-0.02	-0.08%
XL	18.64	18.67	17.98	18.23	4996500.0	15.78	-0.41	-2.20%
YHOO	19.06	19.18	18.87	19.11	16995100.0	19.11	0.05	0.26%
YUM	35.08	35.71	35.01	35.57	2529400.0	32.65	0.49	1.40%
ZMH	71.39	73.89	71.39	73.61	1182800.0	73.19	2.22	3.11%
ZION	25.02	25.99	24.82	25.39	1940400.0	24.9	0.37	1.48%
