MMM	43.53	44.03	42.04	42.51	8217600.0	38.97	-1.02	-2.34%
ACE	33.96	34.51	31.32	31.87	4936800.0	29.29	-2.09	-6.15%
ABT	46.4	47.23	45.65	46.04	9775100.0	40.79	-0.36	-0.78%
ANF	19.07	19.3	16.97	18.24	11356500.0	17.25	-0.83	-4.35%
ACN	28.16	28.16	27.43	27.72	3502100.0	25.88	-0.44	-1.56%
ADBE	18.16	18.19	16.31	16.92	26498300.0	16.92	-1.24	-6.83%
AMD	2.21	2.3	2.14	2.16	10533400.0	2.16	-0.05	-2.26%
AES	5.38	5.41	4.8	5.0	9046900.0	5.0	-0.38	-7.06%
AET	20.79	20.9	18.66	18.99	9383400.0	18.49	-1.80	-8.66%
AFL	14.5	14.54	13.14	13.63	15286200.0	12.51	-0.87	-6.00%
A	12.98	13.23	12.51	12.54	6922900.0	12.48	-0.44	-3.39%
GAS	25.85	26.0	24.81	24.95	243700.0	21.68	-0.90	-3.48%
APD	45.36	45.89	44.89	45.2	3909100.0	41.18	-0.16	-0.35%
ARG	28.66	28.84	27.51	28.0	1128200.0	26.39	-0.66	-2.30%
AKAM	16.96	17.06	16.1	16.23	5903000.0	16.23	-0.73	-4.30%
AA	6.02	6.03	5.12	5.26	46785200.0	5.09	-0.76	-12.62%
ALXN	33.57	33.68	31.94	32.04	1557200.0	16.02	-1.53	-4.56%
ATI	18.07	18.68	17.48	17.74	2108100.0	16.66	-0.33	-1.83%
AGN	36.49	36.69	35.58	35.88	2614700.0	35.54	-0.61	-1.67%
ALL	15.68	15.79	14.0	14.35	9688400.0	12.92	-1.33	-8.48%
ANR	17.0	17.45	16.23	16.78	2287100.0	16.78	-0.22	-1.29%
ALTR	16.07	16.73	15.76	15.83	13280800.0	15.4	-0.24	-1.49%
MO	15.11	15.98	15.0	15.65	34902000.0	12.51	0.54	3.57%
AMZN	64.12	65.8	63.6	64.77	11770300.0	64.77	0.65	1.01%
AEE	21.25	21.37	20.37	20.58	2058700.0	16.87	-0.67	-3.15%
AEP	25.57	25.57	24.2	24.87	5076100.0	21.08	-0.70	-2.74%
AXP	11.27	11.47	10.14	10.33	31032700.0	9.63	-0.94	-8.34%
AIG	0.42	0.44	0.35	0.35	3132800.0	5.87	-0.07	-16.67%
AMT	27.34	27.85	27.11	27.35	5053000.0	27.17	0.01	0.04%
AMP	15.02	15.4	13.84	14.21	4978600.0	13.36	-0.81	-5.39%
ABC	30.68	31.21	30.31	30.98	5502000.0	14.87	0.30	0.98%
AMGN	47.71	47.95	47.1	47.2	11002500.0	46.71	-0.51	-1.07%
APH	24.6	24.94	23.71	24.05	2462300.0	23.86	-0.55	-2.24%
APC	33.03	34.33	32.57	32.93	9722400.0	32.24	-0.10	-0.30%
ADI	18.56	19.18	18.55	18.78	7292400.0	17.1	0.22	1.19%
AON	37.19	38.92	36.92	38.31	7130800.0	36.63	1.12	3.01%
APA	55.11	57.42	53.57	54.3	6184100.0	53.1	-0.81	-1.47%
AIV	5.25	5.25	4.91	4.98	5741200.0	4.59	-0.27	-5.14%
APOL	65.54	67.66	64.63	66.79	6347700.0	66.79	1.25	1.91%
AAPL	90.46	91.87	88.45	88.84	25246400.0	88.84	-1.62	-1.79%
AMAT	9.08	9.39	9.01	9.04	23433200.0	8.38	-0.04	-0.44%
ADM	25.81	26.64	25.43	25.91	8451200.0	24.21	0.10	0.39%
AIZ	18.34	18.62	16.59	16.95	1978400.0	15.9	-1.39	-7.58%
T	22.56	23.46	22.18	22.56	48618600.0	18.3	0.00	0.00%
ADSK	12.38	12.38	11.81	12.05	7818800.0	12.05	-0.33	-2.67%
ADP	33.95	33.95	32.59	32.8	5671300.0	29.35	-1.15	-3.39%
AN	9.21	9.64	9.21	9.47	2390800.0	9.47	0.26	2.82%
AZO	153.32	156.89	151.25	152.45	1921100.0	152.45	-0.87	-0.57%
AVB	41.71	42.96	39.38	40.16	4911900.0	35.05	-1.55	-3.72%
AVY	18.68	18.68	17.61	17.75	1538300.0	16.07	-0.93	-4.98%
AVP	15.86	16.18	15.33	15.5	6362600.0	13.84	-0.36	-2.27%
BHI	27.76	28.33	26.75	27.03	6283900.0	25.98	-0.73	-2.63%
BLL	37.42	38.34	37.31	38.1	3399400.0	18.6	0.68	1.82%
BAC	3.4	3.51	3.12	3.17	282814100.0	3.13	-0.23	-6.76%
BK	21.15	21.82	19.28	19.65	19043700.0	18.51	-1.50	-7.09%
BCR	75.82	75.82	73.87	74.08	1503500.0	71.98	-1.74	-2.29%
BAX	51.53	52.02	50.94	51.52	4886500.0	47.51	-0.01	-0.02%
BBT	14.8	15.02	13.12	13.32	17438600.0	11.98	-1.48	-10.00%
BEAM	21.41	21.41	19.96	20.2	2217000.0	19.19	-1.21	-5.65%
BDX	64.04	64.71	63.43	63.95	2341800.0	59.79	-0.09	-0.14%
BBBY	20.27	20.53	19.79	20.08	5237000.0	20.08	-0.19	-0.94%
BMS	17.54	17.64	17.06	17.21	1078400.0	15.51	-0.33	-1.88%
BRK.B	2370.0	2389.0	2271.0	2300.0	92200.0	46.0	-70.00	-2.95%
BBY	27.22	28.24	25.65	26.02	12059900.0	24.29	-1.20	-4.41%
BIG	17.12	18.1	16.8	17.04	5586900.0	17.04	-0.08	-0.47%
BIIB	45.0	45.59	43.45	43.64	3332900.0	43.64	-1.36	-3.02%
BLK	92.48	96.23	90.29	91.42	754100.0	84.15	-1.06	-1.15%
HRB	18.0	18.0	17.11	17.32	5959500.0	14.96	-0.68	-3.78%
BMC	28.48	28.8	28.02	28.27	3314900.0	28.27	-0.21	-0.74%
BA	29.22	30.02	29.07	29.39	11675700.0	26.9	0.17	0.58%
BXP	32.66	33.42	31.12	31.49	5204900.0	28.49	-1.17	-3.58%
BSX	6.86	6.97	6.4	6.46	15788000.0	6.46	-0.40	-5.83%
BMY	18.18	18.18	17.53	17.69	16744800.0	14.96	-0.49	-2.70%
BRCM	16.26	16.9	16.11	16.32	16123300.0	15.91	0.06	0.37%
CHRW	39.46	39.66	37.69	38.39	3410800.0	36.13	-1.07	-2.71%
CA	16.17	16.39	15.39	15.4	8358900.0	14.78	-0.77	-4.76%
CVC	11.39	11.56	10.12	10.24	3379100.0	6.61	-1.15	-10.10%
COG	20.19	21.37	20.05	20.33	4986600.0	10.07	0.14	0.69%
CAM	18.29	19.05	17.85	18.08	4704100.0	18.08	-0.21	-1.15%
CPB	26.61	26.65	26.11	26.28	3454300.0	23.39	-0.33	-1.24%
COF	9.8	10.44	8.68	8.99	17894200.0	8.84	-0.81	-8.27%
CAH	30.99	31.03	30.08	30.26	2611600.0	17.2	-0.73	-2.36%
KMX	9.41	9.41	8.83	8.94	4577700.0	8.94	-0.47	-4.99%
CCL	19.23	19.62	17.88	18.1	9452000.0	17.14	-1.13	-5.88%
CAT	24.7	24.7	23.18	23.49	21400000.0	21.44	-1.21	-4.90%
CBG	2.76	3.05	2.39	2.57	7143200.0	2.57	-0.19	-6.88%
CBS	3.72	3.75	3.31	3.43	16576300.0	3.22	-0.29	-7.80%
CELG	41.8	41.82	39.6	39.95	9217000.0	39.95	-1.85	-4.43%
CNP	9.35	9.46	8.83	8.95	4626300.0	7.59	-0.40	-4.28%
CTL	25.15	25.45	24.72	25.15	3722000.0	19.01	0.00	0.00%
CERN	34.98	36.53	34.5	36.29	2982000.0	18.15	1.31	3.74%
CF	61.83	63.41	59.95	60.89	3885200.0	59.74	-0.94	-1.52%
SCHW	11.63	12.06	11.25	11.34	24236200.0	10.79	-0.29	-2.49%
CHK	14.31	15.32	14.11	14.46	17096600.0	13.79	0.15	1.05%
CVX	58.06	58.26	56.12	56.46	22266000.0	50.45	-1.60	-2.76%
CMG	50.0	51.08	49.3	49.99	451500.0	49.99	-0.01	-0.02%
CB	36.09	36.64	34.7	35.24	5488300.0	32.01	-0.85	-2.36%
CI	13.96	14.14	12.68	12.87	5870800.0	12.79	-1.09	-7.81%
CINF	19.44	19.75	18.29	18.51	2086300.0	15.2	-0.93	-4.78%
CTAS	19.17	19.34	18.57	18.6	2081800.0	17.6	-0.57	-2.97%
CSCO	14.94	15.09	14.51	14.55	67034500.0	14.22	-0.39	-2.61%
C	1.1	1.11	0.97	1.02	57908500.0	10.19	-0.08	-7.27%
CTXS	21.71	21.86	21.29	21.3	4156600.0	21.3	-0.41	-1.89%
CLF	13.7	14.06	12.9	13.11	5213900.0	12.62	-0.59	-4.31%
CLX	46.77	47.06	45.71	46.04	2274000.0	40.95	-0.73	-1.56%
CME	186.7	188.99	180.9	182.43	6577000.0	33.61	-4.27	-2.29%
CMS	10.61	10.71	10.4	10.57	4849900.0	9.25	-0.04	-0.38%
COH	13.03	13.48	12.16	12.28	8405300.0	11.78	-0.75	-5.76%
KO	39.16	39.44	37.44	37.85	18232300.0	33.98	-1.31	-3.35%
CCE	10.51	10.52	9.91	10.01	4048900.0	6.43	-0.50	-4.76%
CTSH	18.4	18.77	18.38	18.43	8188500.0	18.43	0.03	0.16%
CL	57.54	58.0	55.56	56.03	3948200.0	51.23	-1.51	-2.62%
CMCSA	12.41	12.56	11.9	12.0	26001600.0	11.19	-0.41	-3.30%
CMA	13.17	13.46	11.72	12.36	5082100.0	11.9	-0.81	-6.15%
CSC	35.54	35.97	33.94	34.18	1807000.0	32.54	-1.36	-3.83%
CAG	15.19	15.21	14.38	14.49	5025700.0	12.71	-0.70	-4.61%
COP	36.21	36.45	34.83	35.4	18734400.0	23.46	-0.81	-2.24%
CNX	24.78	26.5	24.75	25.53	5575300.0	24.67	0.75	3.03%
ED	33.92	34.22	33.33	33.62	2659200.0	28.61	-0.30	-0.88%
STZ	12.85	13.06	12.31	12.41	4245000.0	12.41	-0.44	-3.42%
CBE	20.88	20.88	19.21	19.42	2227100.0	17.92	-1.46	-6.99%
GLW	10.25	10.52	10.0	10.09	18348200.0	9.64	-0.16	-1.56%
COST	40.54	40.95	39.26	39.56	8932600.0	37.94	-0.98	-2.42%
CVH	8.8	8.81	7.97	8.02	3836300.0	7.96	-0.78	-8.86%
COV	29.5	29.5	28.17	28.31	5108500.0	26.66	-1.19	-4.03%
CCI	16.68	16.99	16.39	16.51	3231000.0	16.51	-0.17	-1.02%
CSX	23.02	23.02	21.33	22.44	35575800.0	6.99	-0.58	-2.52%
CMI	21.13	21.13	19.07	19.48	4884700.0	18.62	-1.65	-7.81%
CVS	25.19	25.43	24.46	24.69	13798700.0	23.66	-0.50	-1.98%
DHI	7.4	7.48	6.92	7.01	12424600.0	6.72	-0.39	-5.27%
DHR	50.74	52.13	49.32	49.7	7219400.0	24.68	-1.04	-2.05%
DRI	24.99	25.74	24.26	24.73	4601500.0	22.18	-0.26	-1.04%
DVA	46.84	47.26	45.58	45.91	841700.0	45.91	-0.93	-1.99%
DF	20.03	20.23	18.95	19.13	4159800.0	18.94	-0.90	-4.49%
DE	25.98	26.65	25.01	25.32	6531300.0	23.48	-0.66	-2.54%
DELL	8.7	8.94	8.39	8.39	30939300.0	8.39	-0.31	-3.56%
DNR	12.8	13.56	12.53	12.8	5300100.0	12.8	0.00	0.00%
XRAY	22.97	23.07	22.4	22.46	3619400.0	22.02	-0.51	-2.22%
DVN	41.59	43.27	40.52	41.22	8311200.0	39.75	-0.37	-0.89%
DV	45.41	47.27	42.44	44.04	2410700.0	43.16	-1.37	-3.02%
DO	57.14	57.9	54.26	55.27	3384800.0	44.09	-1.87	-3.27%
DTV	20.42	20.42	19.7	19.84	16287200.0	19.84	-0.58	-2.84%
DFS	5.28	5.44	4.76	4.89	9746900.0	4.75	-0.39	-7.39%
DISCA	15.26	15.65	15.07	15.21	2430700.0	15.21	-0.05	-0.33%
DLTR	39.43	40.92	39.1	40.1	14647600.0	13.37	0.67	1.70%
D	28.36	28.36	27.39	27.89	6401800.0	24.41	-0.47	-1.66%
RRD	6.5	6.5	5.89	5.93	3915300.0	4.8	-0.57	-8.77%
DOV	23.03	23.55	22.21	22.43	2091100.0	20.8	-0.60	-2.61%
DOW	6.88	7.07	6.3	6.47	34258400.0	5.83	-0.41	-5.96%
DPS	12.78	12.8	11.96	12.11	3067500.0	11.2	-0.67	-5.24%
DTE	24.34	24.6	23.32	23.63	2094200.0	19.75	-0.71	-2.92%
DD	17.78	17.83	16.79	16.97	10224200.0	14.9	-0.81	-4.56%
DUK	12.21	12.21	11.83	12.04	4366900.0	30.2	-0.17	-1.39%
DNB	71.8	72.11	70.21	70.62	758300.0	66.32	-1.18	-1.64%
ETFC	0.75	0.75	0.65	0.65	1025300.0	6.5	-0.10	-13.33%
EMN	18.9	19.14	17.84	18.0	2813400.0	8.07	-0.90	-4.76%
ETN	32.35	32.7	30.87	31.71	7248400.0	14.34	-0.64	-1.98%
EBAY	10.61	10.79	10.42	10.46	22896200.0	10.46	-0.15	-1.41%
ECL	30.15	30.33	29.51	30.1	4383300.0	28.67	-0.05	-0.17%
EIX	24.64	24.64	23.66	24.14	4025400.0	21.5	-0.50	-2.03%
EW	53.86	54.76	52.86	53.4	1130000.0	26.7	-0.46	-0.85%
EA	15.52	15.92	15.14	15.29	6555300.0	15.29	-0.23	-1.48%
EMC	10.32	10.6	10.0	10.05	28976800.0	10.05	-0.27	-2.62%
EMR	25.86	25.86	24.39	25.23	10393500.0	22.9	-0.63	-2.44%
ETR	63.38	63.6	62.05	63.45	2154000.0	54.81	0.07	0.11%
EOG	50.33	52.84	49.57	51.84	7868000.0	50.61	1.51	3.00%
EQT	29.08	29.46	28.22	28.47	2021600.0	26.72	-0.61	-2.10%
EFX	21.4	21.94	20.51	20.71	2346800.0	19.9	-0.69	-3.22%
EQR	17.44	17.59	16.53	16.71	9143900.0	14.56	-0.73	-4.19%
EL	21.61	21.61	20.4	20.58	5695000.0	9.98	-1.03	-4.77%
EXC	45.36	45.36	43.49	44.16	6236000.0	37.85	-1.20	-2.65%
EXPE	6.83	6.84	6.63	6.64	2440000.0	9.53	-0.19	-2.78%
EXPD	26.25	26.25	24.56	24.66	5779000.0	23.72	-1.59	-6.06%
ESRX	46.45	46.68	44.45	44.62	7069800.0	22.31	-1.83	-3.94%
XOM	64.18	64.58	62.13	62.22	50244900.0	57.42	-1.96	-3.05%
FFIV	19.69	19.99	19.18	19.25	1746800.0	19.25	-0.44	-2.23%
FDO	29.27	31.0	29.27	30.66	11334200.0	29.05	1.39	4.75%
FAST	28.1	28.24	26.79	26.96	5859200.0	12.71	-1.14	-4.06%
FII	18.46	18.49	16.9	17.14	2247300.0	14.27	-1.32	-7.15%
FDX	41.6	41.6	38.49	39.0	6425100.0	38.12	-2.60	-6.25%
FIS	16.42	16.97	16.27	16.42	2755400.0	15.83	0.00	0.00%
FITB	1.62	1.67	1.33	1.37	34658900.0	1.31	-0.25	-15.43%
FHN	8.67	9.17	7.55	8.02	8368100.0	7.84	-0.65	-7.50%
FSLR	110.52	111.7	106.81	109.79	4484000.0	109.79	-0.73	-0.66%
FE	39.13	39.13	37.25	37.61	2358700.0	31.67	-1.52	-3.88%
FISV	31.28	31.66	30.45	30.45	2579900.0	30.45	-0.83	-2.65%
FLIR	20.02	20.27	19.33	19.44	3686200.0	19.16	-0.58	-2.90%
FLS	47.57	47.57	44.25	44.91	1979900.0	42.96	-2.66	-5.59%
FLR	31.83	32.19	30.48	30.92	6290700.0	29.93	-0.91	-2.86%
FMC	38.51	38.66	36.26	36.61	1292000.0	17.8	-1.90	-4.93%
FTI	24.3	25.28	23.7	24.08	3807400.0	12.04	-0.22	-0.91%
F	1.75	2.0	1.73	1.81	47498200.0	1.8	0.06	3.43%
FRX	20.03	20.03	19.04	19.25	3254100.0	19.25	-0.78	-3.89%
FOSL	11.46	12.64	11.46	11.9	576300.0	11.9	0.44	3.84%
BEN	42.18	42.87	38.75	39.41	4199500.0	37.29	-2.77	-6.57%
FCX	30.78	32.3	30.51	31.65	56796600.0	14.96	0.87	2.83%
FTR	6.57	6.63	5.85	5.95	8545700.0	4.13	-0.62	-9.44%
GME	26.67	26.9	22.34	23.46	15009600.0	23.12	-3.21	-12.04%
GCI	2.3	2.36	2.06	2.11	11227900.0	1.95	-0.19	-8.26%
GPS	10.34	10.74	9.96	10.21	13927500.0	9.5	-0.13	-1.26%
GD	37.5	39.41	36.98	37.38	10657700.0	34.02	-0.12	-0.32%
GE	6.75	7.17	6.53	6.66	445315100.0	6.03	-0.09	-1.33%
GIS	51.0	51.17	49.56	49.99	9318800.0	22.43	-1.01	-1.98%
GPC	26.75	26.9	25.68	25.89	2057700.0	22.93	-0.86	-3.21%
GNW	0.93	1.0	0.88	0.91	14183700.0	0.91	-0.02	-2.15%
GILD	44.7	45.32	43.7	43.78	11579500.0	43.78	-0.92	-2.06%
GS	82.88	85.7	79.35	81.72	24826200.0	78.86	-1.16	-1.40%
GR	31.28	31.28	30.39	30.64	2662400.0	29.31	-0.64	-2.05%
GT	3.88	3.9	3.49	3.56	5613300.0	3.56	-0.32	-8.25%
GOOG	316.48	319.08	302.64	305.64	6529900.0	305.64	-10.84	-3.43%
GWW	63.25	63.44	61.22	61.71	2134400.0	58.23	-1.54	-2.43%
HAL	15.84	16.26	15.12	15.38	16098200.0	14.82	-0.46	-2.90%
HOG	8.7	8.83	7.99	8.2	7813700.0	7.83	-0.50	-5.75%
HAR	9.86	9.93	9.3	9.48	1856700.0	9.4	-0.38	-3.85%
HRS	33.22	33.8	31.6	31.85	2210800.0	29.42	-1.37	-4.12%
HIG	4.87	4.97	3.68	4.13	39873900.0	3.95	-0.74	-15.20%
HAS	21.98	22.57	21.79	22.0	5132600.0	19.86	0.02	0.09%
HCP	17.19	17.43	15.97	16.16	10772500.0	13.38	-1.03	-5.99%
HCN	28.88	29.3	27.32	27.66	3915600.0	22.76	-1.22	-4.22%
HNZ	31.65	31.87	30.95	31.24	4646800.0	27.25	-0.41	-1.30%
HP	20.55	21.25	19.98	20.25	3278300.0	19.91	-0.30	-1.46%
HES	53.99	55.93	52.06	52.71	6624200.0	51.48	-1.28	-2.37%
HPQ	28.11	28.29	26.81	27.08	30222200.0	25.98	-1.03	-3.66%
HD	18.51	19.18	18.0	18.15	23774300.0	16.26	-0.36	-1.94%
HON	24.81	24.87	23.69	23.91	7342800.0	21.8	-0.90	-3.63%
HRL	30.11	30.14	29.26	29.4	2126600.0	13.7	-0.71	-2.36%
HSP	22.64	22.69	21.61	21.82	1467200.0	21.82	-0.82	-3.62%
HST	3.49	3.65	3.31	3.4	24187600.0	3.32	-0.09	-2.58%
HCBK	9.86	9.88	8.87	8.93	18598100.0	7.68	-0.93	-9.43%
HUM	20.65	20.65	18.57	18.77	6227000.0	18.49	-1.88	-9.10%
HBAN	1.14	1.17	1.05	1.06	10203300.0	1.0	-0.08	-7.02%
ITW	27.74	28.0	25.95	26.19	6878400.0	23.69	-1.55	-5.59%
IR	12.83	13.3	12.03	12.16	6390700.0	11.69	-0.67	-5.22%
TEG	21.36	21.36	19.81	19.99	1583200.0	16.39	-1.37	-6.41%
INTC	12.56	12.86	12.3	12.31	76644500.0	11.1	-0.25	-1.99%
ICE	58.52	60.22	56.54	58.01	2435700.0	58.01	-0.51	-0.87%
IBM	88.13	90.16	87.02	87.48	14930100.0	82.54	-0.65	-0.74%
IFF	26.1	26.1	25.01	25.3	1077100.0	23.32	-0.80	-3.07%
IGT	8.03	8.08	7.5	7.79	6364300.0	7.39	-0.24	-2.99%
IP	4.58	4.58	4.12	4.17	8706900.0	3.88	-0.41	-8.95%
IPG	4.05	4.08	3.71	3.79	7650600.0	3.66	-0.26	-6.42%
INTU	22.8	23.34	22.76	22.81	4898400.0	22.56	0.01	0.04%
ISRG	92.71	93.3	89.79	90.2	1933300.0	90.2	-2.51	-2.71%
IVZ	10.07	10.5	9.44	9.65	5117800.0	8.97	-0.42	-4.17%
IRM	17.89	18.29	17.69	17.78	2612500.0	16.71	-0.11	-0.61%
JBL	4.1	4.1	3.51	3.58	2279900.0	3.36	-0.52	-12.68%
JEC	33.46	33.92	32.22	32.59	3004700.0	32.59	-0.87	-2.60%
JDSU	2.46	2.53	2.33	2.35	3066100.0	2.35	-0.11	-4.47%
JNJ	48.31	48.61	47.41	47.67	22344000.0	42.55	-0.64	-1.32%
JCI	10.52	10.71	9.79	9.89	6585700.0	9.13	-0.63	-5.99%
JOY	17.72	17.75	16.11	16.69	7025900.0	16.07	-1.03	-5.81%
JPM	18.5	19.0	16.04	16.6	153808900.0	15.75	-1.90	-10.27%
JNPR	13.62	13.62	13.06	13.43	17131200.0	13.43	-0.19	-1.40%
K	37.75	37.75	36.44	36.72	4495800.0	33.16	-1.03	-2.73%
KEY	6.23	6.32	5.43	5.6	11406400.0	5.41	-0.63	-10.11%
KMB	45.81	45.81	43.73	44.17	3695900.0	38.62	-1.64	-3.58%
KIM	7.93	8.03	7.09	7.21	11619000.0	5.97	-0.72	-9.08%
KLAC	16.41	16.98	16.23	16.29	3902600.0	15.13	-0.12	-0.73%
KSS	35.68	36.69	34.75	35.71	10807600.0	34.52	0.03	0.08%
KFT	21.35	21.6	20.81	21.0	13954200.0	18.39	-0.35	-1.64%
KR	20.29	20.72	19.95	20.14	8032500.0	18.99	-0.15	-0.74%
LLL	62.15	62.52	59.48	59.64	2518700.0	55.47	-2.51	-4.04%
LH	55.18	55.68	54.38	54.68	1193500.0	54.68	-0.50	-0.91%
LRCX	19.3	20.06	19.13	19.32	2190000.0	19.32	0.02	0.10%
LM	13.27	13.79	11.4	12.29	9511700.0	11.7	-0.98	-7.39%
LEG	10.9	10.95	10.51	10.6	2388600.0	8.78	-0.30	-2.75%
LEN	6.26	6.46	5.98	6.11	7097400.0	5.9	-0.15	-2.40%
LUK	11.73	11.89	11.1	11.33	3674000.0	11.1	-0.40	-3.41%
LXK	16.7	16.89	15.58	15.8	2477400.0	15.4	-0.90	-5.39%
LIFE	29.25	29.38	28.21	28.39	3366800.0	28.39	-0.86	-2.94%
LLY	27.89	28.39	27.21	27.47	9028200.0	23.05	-0.42	-1.51%
LTD	6.63	7.05	6.29	6.4	6544500.0	5.87	-0.23	-3.47%
LNC	6.61	7.07	5.56	5.85	10656000.0	5.72	-0.76	-11.50%
LLTC	21.85	22.45	21.55	21.94	7613600.0	19.78	0.09	0.41%
LMT	60.63	61.5	59.29	59.91	5184600.0	52.93	-0.72	-1.19%
L	19.13	19.57	17.86	18.25	5889800.0	17.84	-0.88	-4.60%
LO	55.78	57.64	55.78	57.26	3417800.0	48.25	1.48	2.65%
LOW	13.96	14.18	13.22	13.42	20190800.0	12.53	-0.54	-3.87%
LSI	2.83	2.92	2.71	2.72	5944000.0	2.72	-0.11	-3.89%
MTB	32.8	33.19	29.53	30.5	2941900.0	26.94	-2.30	-7.01%
M	7.12	7.23	6.27	6.58	17432600.0	6.26	-0.54	-7.58%
MRO	21.26	21.62	20.83	21.25	10802700.0	11.82	-0.01	-0.05%
MAR	13.47	13.75	12.67	13.02	6713200.0	12.64	-0.45	-3.34%
MMC	17.95	18.22	17.18	17.84	7274700.0	15.91	-0.11	-0.61%
MAS	4.56	4.63	3.95	4.01	9990600.0	3.65	-0.55	-12.06%
MA	147.77	154.14	145.18	146.92	3880400.0	145.58	-0.85	-0.58%
MAT	10.89	10.9	10.36	10.45	5187500.0	9.22	-0.44	-4.04%
MKC	30.73	31.02	30.09	30.28	966600.0	27.67	-0.45	-1.46%
MCD	52.36	52.5	50.44	50.86	15550300.0	45.92	-1.50	-2.86%
MHP	18.28	18.73	17.7	17.89	4805100.0	16.38	-0.39	-2.13%
MCK	39.73	40.36	39.16	39.47	3462900.0	38.23	-0.26	-0.65%
MJN	27.0	27.19	26.61	27.03	910600.0	25.5	0.03	0.11%
MWV	8.07	8.23	7.81	7.89	2803700.0	6.93	-0.18	-2.23%
MDT	26.14	26.32	25.51	25.76	10961900.0	23.66	-0.38	-1.45%
MRK	22.6	22.89	21.93	22.14	20637600.0	19.12	-0.46	-2.04%
MET	13.9	14.0	11.44	12.1	29930100.0	11.38	-1.80	-12.95%
PCS	13.91	14.76	13.9	14.16	4478100.0	14.16	0.25	1.80%
MCHP	18.15	18.65	18.0	18.18	6425600.0	15.67	0.03	0.17%
MU	3.13	3.19	3.07	3.15	10515100.0	3.15	0.02	0.64%
MSFT	15.86	15.88	15.27	15.27	89708500.0	14.15	-0.59	-3.72%
MOLX	10.72	10.72	10.04	10.17	1842000.0	9.07	-0.55	-5.13%
TAP	34.34	34.78	33.05	33.61	3422500.0	30.87	-0.73	-2.13%
MON	72.01	74.32	71.38	72.03	8011000.0	68.06	0.02	0.03%
MNST	35.57	35.66	33.99	34.21	4210000.0	17.1	-1.36	-3.82%
MCO	16.22	16.65	16.13	16.36	6658600.0	15.5	0.14	0.86%
MS	18.86	19.0	17.33	17.98	46527200.0	17.41	-0.88	-4.67%
MOS	40.56	42.47	39.57	40.09	8665500.0	39.58	-0.47	-1.16%
MSI	2.0	2.0	1.83	1.85	3325500.0	12.74	-0.15	-7.50%
MUR	40.23	40.86	38.79	39.49	2110400.0	37.19	-0.74	-1.84%
MYL	11.66	12.17	11.66	12.15	11459000.0	12.15	0.49	4.20%
NBR	8.86	9.3	8.47	8.65	7638500.0	8.65	-0.21	-2.37%
NDAQ	19.4	19.73	18.47	18.79	3675200.0	18.79	-0.61	-3.14%
NOV	25.38	26.35	24.12	24.63	9264300.0	23.55	-0.75	-2.96%
NTAP	13.33	13.62	13.03	13.07	10884400.0	13.07	-0.26	-1.95%
NFLX	36.72	38.64	36.68	37.9	1619300.0	37.9	1.18	3.21%
NWL	4.94	4.98	4.64	4.71	4920900.0	4.47	-0.23	-4.66%
NFX	19.32	20.5	18.98	19.61	3508700.0	19.61	0.29	1.50%
NEM	39.08	40.44	38.74	40.44	10327200.0	38.67	1.36	3.48%
NWSA	5.42	5.64	5.32	5.35	30088700.0	5.13	-0.07	-1.29%
NEE	43.78	44.12	42.5	42.87	2915000.0	37.85	-0.91	-2.08%
NKE	41.37	41.94	39.44	39.94	5911200.0	38.01	-1.43	-3.46%
NI	8.27	8.42	7.79	7.86	4425700.0	6.52	-0.41	-4.96%
NE	23.03	24.01	22.71	22.99	11312600.0	21.91	-0.04	-0.17%
NBL	42.4	43.88	41.8	42.54	3121200.0	41.22	0.14	0.33%
JWN	12.88	12.97	12.04	12.23	8781600.0	11.41	-0.65	-5.05%
NSC	29.09	29.53	26.87	27.25	9668200.0	25.01	-1.84	-6.33%
NTRS	51.86	52.89	48.05	48.64	6760500.0	44.73	-3.22	-6.21%
NOC	35.7	35.73	34.73	34.99	3931900.0	28.5	-0.71	-1.99%
NU	20.11	20.19	19.19	19.68	2468800.0	17.5	-0.43	-2.14%
NRG	17.6	17.6	17.0	17.6	2650200.0	17.52	0.00	0.00%
NUE	33.5	33.95	31.64	32.07	9420000.0	28.4	-1.43	-4.27%
NVDA	8.34	8.68	8.22	8.26	23881300.0	8.26	-0.08	-0.96%
NYX	15.65	16.23	14.94	15.1	6484000.0	12.94	-0.55	-3.51%
ORLY	32.22	32.89	31.9	32.51	3583700.0	32.51	0.29	0.90%
OXY	51.11	52.45	49.25	50.04	10624300.0	46.69	-1.07	-2.09%
OMC	23.34	23.59	22.52	22.8	4341000.0	21.3	-0.54	-2.31%
OKE	20.17	20.17	19.13	19.26	2793200.0	8.51	-0.91	-4.51%
ORCL	14.94	15.28	14.52	14.53	67101500.0	14.12	-0.41	-2.74%
OI	11.18	11.32	10.22	10.85	7026400.0	10.85	-0.33	-2.95%
PCAR	23.83	23.83	22.14	22.35	5686800.0	21.3	-1.48	-6.21%
PLL	22.96	23.0	21.9	22.06	868700.0	20.92	-0.90	-3.92%
PH	29.87	30.34	28.43	28.92	3406400.0	27.29	-0.95	-3.18%
PDCO	17.27	17.29	16.57	16.69	2367100.0	16.08	-0.58	-3.36%
PAYX	21.43	21.43	21.01	21.05	6393900.0	18.16	-0.38	-1.77%
BTU	22.53	23.59	22.12	22.6	8090800.0	21.98	0.07	0.31%
JCP	15.02	15.58	14.15	14.38	8773700.0	13.16	-0.64	-4.26%
PBCT	17.05	17.36	16.54	16.66	8397600.0	14.22	-0.39	-2.29%
POM	12.0	12.01	11.04	11.14	4704100.0	8.88	-0.86	-7.17%
PEP	46.98	47.11	45.39	45.97	11778600.0	41.6	-1.01	-2.15%
PKI	12.3	12.32	11.58	11.7	1370500.0	11.18	-0.60	-4.88%
PRGO	19.48	19.61	18.86	19.21	1765400.0	18.92	-0.27	-1.39%
PFE	12.37	12.75	12.25	12.67	101753000.0	11.09	0.30	2.43%
PCG	36.99	36.99	34.7	36.65	6001100.0	31.68	-0.34	-0.92%
PM	32.79	33.1	32.04	32.95	16889400.0	28.19	0.16	0.49%
PNW	23.59	23.78	22.32	23.34	1373100.0	19.38	-0.25	-1.06%
PXD	12.8	13.86	12.8	13.03	3147400.0	12.95	0.23	1.80%
PBI	18.51	18.51	17.89	18.03	2920800.0	14.41	-0.48	-2.59%
PCL	24.63	25.11	23.56	23.92	7638200.0	20.64	-0.71	-2.88%
PNC	22.47	23.0	19.8	20.0	17407200.0	18.95	-2.47	-10.99%
RL	33.23	33.55	31.64	32.39	2137700.0	31.8	-0.84	-2.53%
PPG	30.0	30.17	28.16	28.48	3574600.0	25.77	-1.52	-5.07%
PPL	26.08	26.25	24.93	25.22	3173700.0	21.16	-0.86	-3.30%
PX	55.29	56.22	54.2	54.77	3040200.0	51.2	-0.52	-0.94%
PCP	50.59	50.59	48.32	49.9	2268300.0	49.74	-0.69	-1.36%
PCLN	82.18	83.89	81.2	82.37	979800.0	82.37	0.19	0.23%
PFG	6.8	7.12	5.95	6.38	8529700.0	5.88	-0.42	-6.18%
PG	46.45	46.81	44.93	45.4	19466600.0	40.61	-1.05	-2.26%
PGR	11.14	11.22	10.19	10.38	10672100.0	9.88	-0.76	-6.82%
PLD	10.5	10.7	10.07	10.35	4620400.0	8.88	-0.15	-1.43%
PRU	13.0	13.4	10.88	11.29	17016100.0	10.58	-1.71	-13.15%
PSA	47.16	49.8	47.16	48.05	5696000.0	42.92	0.89	1.89%
PHM	8.04	8.37	8.0	8.18	7609300.0	8.18	0.14	1.74%
PWR	17.55	18.0	17.08	17.72	3743300.0	17.72	0.17	0.97%
QCOM	34.55	35.45	34.5	34.63	27301300.0	32.83	0.08	0.23%
DGX	45.4	45.86	44.75	45.03	1561200.0	43.74	-0.37	-0.81%
RRC	36.28	37.81	35.93	36.52	3256100.0	36.1	0.24	0.66%
RTN	36.65	37.1	35.62	35.79	5086100.0	31.97	-0.86	-2.35%
RHT	14.24	14.45	13.67	13.69	1956000.0	13.69	-0.55	-3.86%
RF	3.39	3.49	2.9	3.1	15967600.0	2.95	-0.29	-8.55%
RSG	18.52	18.63	17.18	17.31	4717900.0	15.61	-1.21	-6.53%
RAI	33.28	33.83	32.71	32.95	4208800.0	13.05	-0.33	-0.99%
RHI	14.87	14.97	14.46	14.7	3229000.0	13.74	-0.17	-1.14%
ROK	18.27	18.91	17.5	17.73	2659800.0	16.4	-0.54	-2.96%
COL	28.93	28.93	27.83	27.97	1994900.0	26.35	-0.96	-3.32%
ROP	38.92	39.73	38.28	38.56	950100.0	37.72	-0.36	-0.92%
ROST	30.5	31.58	30.19	30.32	8773800.0	14.63	-0.18	-0.59%
RDC	11.7	12.11	11.18	11.35	4925800.0	11.35	-0.35	-2.99%
R	21.89	22.0	20.13	20.37	1380700.0	18.78	-1.52	-6.94%
SWY	18.27	18.42	17.64	17.84	4134600.0	16.4	-0.43	-2.35%
SAI	17.89	18.2	17.48	17.58	2424300.0	17.23	-0.31	-1.73%
CRM	29.48	30.97	29.37	30.13	2894200.0	30.13	0.65	2.20%
SNDK	8.0	8.43	7.92	8.16	5785300.0	8.16	0.16	2.00%
SCG	28.36	28.76	27.6	27.88	1423100.0	23.33	-0.48	-1.69%
SLB	37.56	37.98	35.52	36.16	16269400.0	34.6	-1.40	-3.73%
SNI	19.04	19.38	18.18	18.51	1112300.0	18.01	-0.53	-2.78%
STX	3.67	3.84	3.38	3.42	11936100.0	3.24	-0.25	-6.81%
SEE	10.99	11.03	10.63	10.74	2433400.0	9.9	-0.25	-2.27%
SHLD	35.79	37.08	34.63	35.47	1193300.0	35.47	-0.32	-0.89%
SRE	38.66	38.72	37.61	37.99	2269900.0	33.73	-0.67	-1.73%
SHW	44.3	45.01	43.63	43.92	1923300.0	41.21	-0.38	-0.86%
SIAL	34.33	34.34	32.45	32.58	2499800.0	31.39	-1.75	-5.10%
SPG	28.3	29.1	27.38	27.76	12054400.0	25.45	-0.54	-1.91%
SLM	3.83	3.92	3.32	3.38	8712900.0	3.25	-0.45	-11.75%
SJM	34.98	35.62	34.09	34.55	2028700.0	31.71	-0.43	-1.23%
SNA	21.77	21.77	20.51	20.66	792800.0	18.94	-1.11	-5.10%
SO	28.55	28.65	27.48	27.81	5944800.0	23.66	-0.74	-2.59%
LUV	5.13	5.14	4.95	5.01	16517500.0	4.97	-0.12	-2.34%
SWN	28.52	29.85	28.0	29.2	7468800.0	29.2	0.68	2.38%
SE	11.95	11.95	11.4	11.51	4133200.0	9.96	-0.44	-3.68%
S	3.25	3.29	2.99	3.07	34454800.0	3.07	-0.18	-5.54%
STJ	32.46	32.57	31.32	31.53	3296600.0	30.55	-0.93	-2.87%
SWK	24.18	24.4	23.06	23.34	1146000.0	21.46	-0.84	-3.47%
SPLS	15.1	15.42	14.6	14.72	10543800.0	13.68	-0.38	-2.52%
SBUX	8.66	8.89	8.54	8.56	11089900.0	8.26	-0.10	-1.15%
HOT	10.15	10.4	9.68	9.83	7121500.0	9.63	-0.32	-3.15%
STT	21.31	21.45	18.41	19.31	14783400.0	18.72	-2.00	-9.39%
SRCL	48.13	48.97	47.05	47.68	1354100.0	47.68	-0.45	-0.93%
SYK	34.04	34.04	32.0	32.26	4998900.0	31.03	-1.78	-5.23%
SUN	29.71	30.15	28.28	28.58	3704500.0	26.51	-1.13	-3.80%
STI	10.52	10.81	9.56	9.81	14273400.0	9.61	-0.71	-6.75%
SYMC	13.17	13.5	13.09	13.12	14793400.0	13.12	-0.05	-0.38%
SYY	20.8	20.88	20.06	20.31	5431400.0	17.84	-0.49	-2.36%
TROW	21.79	22.0	20.68	21.01	10298700.0	19.39	-0.78	-3.58%
TGT	26.88	27.82	26.04	26.31	13311700.0	24.77	-0.57	-2.12%
TEL	8.84	8.92	7.95	7.99	7264100.0	7.36	-0.85	-9.62%
TE	8.84	8.84	8.41	8.6	2945100.0	7.27	-0.24	-2.71%
THC	0.97	0.99	0.9	0.94	3516700.0	0.94	-0.03	-3.09%
TDC	15.84	16.53	15.84	16.32	3617500.0	16.32	0.48	3.03%
TER	3.92	4.02	3.78	3.85	2711400.0	3.85	-0.07	-1.79%
TSO	13.35	13.69	12.24	12.58	9068800.0	12.37	-0.77	-5.77%
TXN	14.54	15.32	14.41	14.9	24419200.0	13.91	0.36	2.48%
TXT	4.6	4.64	3.75	4.01	5545300.0	3.94	-0.59	-12.83%
HSY	33.29	33.29	31.18	31.49	2923300.0	28.79	-1.80	-5.41%
TRV	34.6	35.49	33.26	33.94	8570800.0	30.73	-0.66	-1.91%
TMO	35.73	35.73	33.99	34.56	4557800.0	34.39	-1.17	-3.27%
TIF	17.85	18.04	16.94	17.13	3630600.0	15.97	-0.72	-4.03%
TWX	7.32	7.5	6.95	7.06	10695400.0	14.27	-0.26	-3.55%
TWC	18.51	18.63	17.98	18.2	1125900.0	41.08	-0.31	-1.67%
TIE	4.6	4.6	4.12	4.17	3741600.0	4.06	-0.43	-9.35%
TJX	21.21	22.67	21.01	21.51	14866000.0	10.3	0.30	1.41%
TMK	19.33	19.33	16.7	17.11	3848000.0	10.91	-2.22	-11.48%
TSS	11.96	12.23	11.88	11.98	1983500.0	11.24	0.02	0.17%
TSN	7.92	8.05	7.51	7.59	4818400.0	7.37	-0.33	-4.17%
TYC	19.42	19.8	18.44	18.68	6290100.0	17.27	-0.74	-3.81%
USB	10.37	10.68	8.53	9.01	109688700.0	8.57	-1.36	-13.11%
UNP	36.54	36.85	33.77	35.43	11877900.0	33.26	-1.11	-3.04%
UNH	17.52	17.84	16.18	16.35	23363700.0	15.82	-1.17	-6.68%
UPS	40.07	40.07	38.97	39.97	13430600.0	36.22	-0.10	-0.25%
X	18.0	18.72	17.39	17.64	18555600.0	17.34	-0.36	-2.00%
UTX	38.09	38.87	37.61	37.92	10797300.0	35.04	-0.17	-0.45%
UNM	8.78	9.03	7.78	7.99	8132900.0	7.54	-0.79	-9.00%
URBN	14.41	15.25	13.94	14.81	13074400.0	14.81	0.40	2.78%
VFC	48.39	49.84	47.57	48.07	1470700.0	43.31	-0.32	-0.66%
VLO	16.99	17.14	16.18	16.35	12842300.0	15.4	-0.64	-3.77%
VAR	28.76	28.76	27.59	27.83	2547600.0	27.83	-0.93	-3.23%
VTR	21.91	22.59	20.99	21.2	6023700.0	17.9	-0.71	-3.24%
VRSN	20.52	20.63	19.49	19.64	4451800.0	18.15	-0.88	-4.29%
VZ	27.56	28.96	27.4	27.91	23033800.0	22.9	0.35	1.27%
VIAB	13.72	14.24	13.37	13.5	4388600.0	13.19	-0.22	-1.60%
V	54.55	55.49	52.68	53.42	11036200.0	52.2	-1.13	-2.07%
VNO	30.53	30.78	28.38	28.95	8009300.0	25.88	-1.58	-5.18%
VMC	38.46	39.2	36.47	36.97	1630000.0	34.59	-1.49	-3.87%
WMT	50.35	51.0	49.29	49.75	46265200.0	45.71	-0.60	-1.19%
WAG	22.34	22.77	21.65	21.84	10473800.0	20.46	-0.50	-2.24%
DIS	16.5	16.6	15.85	15.99	17038600.0	15.38	-0.51	-3.09%
WPO	335.11	344.46	324.48	326.0	51700.0	301.22	-9.11	-2.72%
WM	24.14	24.27	23.22	23.4	6551900.0	20.59	-0.74	-3.07%
WAT	34.19	34.19	33.28	33.53	1233600.0	33.53	-0.66	-1.93%
WPI	25.9	26.69	25.9	26.39	2345300.0	26.39	0.49	1.89%
WLP	32.86	33.81	30.83	31.05	8512700.0	30.33	-1.81	-5.51%
WFC	8.89	8.94	7.8	8.12	274724600.0	7.82	-0.77	-8.66%
WDC	14.58	15.15	14.33	14.5	6447700.0	14.5	-0.08	-0.55%
WU	10.93	10.98	10.56	10.63	5552300.0	10.15	-0.30	-2.74%
WY	20.18	20.46	19.17	19.45	3244400.0	6.75	-0.73	-3.62%
WHR	21.43	21.78	20.25	20.5	3075000.0	18.78	-0.93	-4.34%
WFM	11.74	12.22	11.54	11.78	2849900.0	11.64	0.04	0.34%
WMB	10.1	10.3	9.67	9.84	9528300.0	7.27	-0.26	-2.57%
WIN	6.75	6.92	6.6	6.63	5882300.0	4.83	-0.12	-1.78%
WEC	37.28	37.35	36.5	36.88	3941600.0	16.61	-0.40	-1.07%
WYN	3.34	3.36	2.97	3.02	2696900.0	2.85	-0.32	-9.58%
WYNN	16.75	17.34	16.1	16.29	2857900.0	14.87	-0.46	-2.75%
XEL	16.63	16.88	16.26	16.48	4219000.0	14.11	-0.15	-0.90%
XRX	4.71	4.74	4.33	4.45	7326400.0	4.14	-0.26	-5.52%
XLNX	18.44	18.84	18.03	18.17	15165100.0	16.77	-0.27	-1.46%
XL	3.32	3.32	2.83	2.89	9424900.0	2.61	-0.43	-12.95%
YHOO	12.77	13.07	12.48	12.53	18477000.0	12.53	-0.24	-1.88%
YUM	25.1	25.65	24.56	24.65	6375200.0	22.93	-0.45	-1.79%
ZMH	34.42	34.42	32.81	33.05	3692000.0	32.86	-1.37	-3.98%
ZION	7.77	7.85	6.6	6.77	4390800.0	6.71	-1.00	-12.87%
